1 1 9.1000 4.6000 0.0000 0.0000 2.0000
1 2 9.3000 4.6000 0.0000 0.0000 2.0000
1 3 9.5000 4.6000 0.0000 -0.3142 2.0000
1 4 9.6976 4.5587 -0.0188 -0.3142 2.0000
1 5 9.8943 4.5137 -0.0376 0.3142 2.0000
1 6 10.0933 4.5475 -0.0188 -0.6283 2.0000
1 7 10.2827 4.4650 -0.0547 -0.6283 2.0000
2 1 6.3000 5.0600 0.0000 0.3142 -2.0000
2 2 6.1017 5.0224 -0.0188 0.3142 -2.0000
2 3 5.9027 4.9886 -0.0376 0.3142 -2.0000
2 4 5.7032 4.9584 -0.0564 -0.3142 2.0000
2 5 5.8981 4.9061 -0.0751 -0.3142 2.0000
2 6 6.0920 4.8501 -0.0939 -0.6283 -2.0000
2 7 5.9059 4.9400 -0.0580 -0.3142 2.0000
2 8 6.1008 4.8873 -0.0767 -0.6283 -2.0000
2 9 5.9132 4.9740 -0.0408 -0.3142 2.0000
2 10 6.1089 4.9246 -0.0596 -0.3142 2.0000
2 11 6.3037 4.8716 -0.0784 -0.7854 -2.0000
2 12 6.1212 4.9760 -0.0336 -0.3142 2.0000
2 13 6.3173 4.9281 -0.0524 -0.7854 -2.0000
2 14 6.1322 5.0277 -0.0076 0.3142 -2.0000
2 15 5.9337 4.9916 -0.0264 0.3142 -2.0000
2 16 5.7344 4.9592 -0.0452 -0.3142 2.0000
2 17 5.9299 4.9091 -0.0640 -0.3142 2.0000
2 18 6.1244 4.8552 -0.0828 -0.6283 -2.0000
2 19 5.9374 4.9430 -0.0468 -0.3142 2.0000
2 20 6.1328 4.8925 -0.0656 -0.3142 2.0000
2 21 6.3272 4.8384 -0.0844 0.0000 -2.0000
2 22 6.1279 4.8552 -0.0844 -0.6283 -2.0000
2 23 5.9411 4.9433 -0.0484 -0.3142 2.0000
2 24 6.1364 4.8925 -0.0672 -0.3142 2.0000
2 25 6.3307 4.8380 -0.0860 -0.7854 -2.0000
2 26 6.1491 4.9438 -0.0412 -0.3142 2.0000
2 27 6.3448 4.8944 -0.0600 -0.7854 -2.0000
2 28 6.1605 4.9954 -0.0152 0.3142 -2.0000
2 29 5.9616 4.9608 -0.0340 -0.3142 2.0000
2 30 6.1577 4.9128 -0.0528 -0.3142 2.0000
2 31 6.3528 4.8611 -0.0716 -0.7854 -2.0000
2 32 6.1696 4.9642 -0.0268 -0.3142 2.0000
2 33 6.3660 4.9176 -0.0456 -0.7854 -2.0000
2 34 6.1803 5.0160 -0.0009 0.3142 -2.0000
2 35 5.9819 4.9786 -0.0196 0.3142 -2.0000
2 36 5.7829 4.9449 -0.0384 -0.3142 2.0000
2 37 5.9788 4.8960 -0.0572 -0.3142 2.0000
2 38 6.1736 4.8435 -0.0760 -0.6283 -2.0000
2 39 5.9860 4.9300 -0.0400 -0.3142 2.0000
2 40 6.1818 4.8808 -0.0588 -0.6283 -2.0000
2 41 5.9927 4.9641 -0.0229 -0.3142 2.0000
2 42 6.1892 4.9183 -0.0416 -0.3142 2.0000
2 43 6.3849 4.8688 -0.0604 -0.7854 -2.0000
2 44 6.2006 4.9699 -0.0157 -0.3142 2.0000
2 45 6.3975 4.9255 -0.0345 -0.7854 -2.0000
2 46 6.2107 5.0218 0.0103 0.3142 -2.0000
2 47 6.0128 4.9821 -0.0085 0.3142 -2.0000
2 48 5.8142 4.9462 -0.0273 -0.3142 2.0000
2 49 6.0106 4.8996 -0.0460 -0.3142 2.0000
2 50 6.2060 4.8492 -0.0648 -0.6283 -2.0000
2 51 6.0174 4.9336 -0.0289 -0.3142 2.0000
2 52 6.2137 4.8867 -0.0477 -0.6283 -2.0000
2 53 6.0237 4.9678 -0.0117 0.3142 -2.0000
2 54 5.8250 4.9326 -0.0305 -0.3142 2.0000
2 55 6.0212 4.8853 -0.0493 -0.3142 2.0000
2 56 6.2165 4.8343 -0.0680 -0.6283 -2.0000
2 57 6.0282 4.9193 -0.0321 -0.3142 2.0000
2 58 6.2243 4.8717 -0.0509 -0.6283 -2.0000
2 59 6.0346 4.9535 -0.0149 -0.3142 2.0000
2 60 6.2315 4.9093 -0.0337 -0.3142 2.0000
2 61 6.4275 4.8613 -0.0525 -0.7854 -2.0000
2 62 6.2425 4.9609 -0.0077 -0.3142 2.0000
2 63 6.4397 4.9181 -0.0265 -0.7854 -2.0000
2 64 6.2521 5.0129 0.0183 0.3142 -2.0000
2 65 6.0545 4.9717 -0.0005 0.3142 -2.0000
2 66 5.8562 4.9342 -0.0193 -0.3142 2.0000
2 67 6.0529 4.8891 -0.0381 -0.3142 2.0000
2 68 6.2488 4.8403 -0.0569 0.0000 -2.0000
2 69 6.0491 4.8516 -0.0569 -0.3142 2.0000
2 70 6.2440 4.7992 -0.0757 0.0000 -2.0000
2 71 6.0446 4.8143 -0.0757 -0.1571 2.0000
2 72 6.2417 4.7778 -0.0854 0.0000 -2.0000
2 73 6.0424 4.7949 -0.0854 0.0000 2.0000
2 74 6.2417 4.7778 -0.0854 0.0000 -2.0000
2 75 6.0424 4.7949 -0.0854 0.0000 2.0000
2 76 6.2417 4.7778 -0.0854 0.0000 -2.0000
2 77 6.0424 4.7949 -0.0854 0.0000 2.0000
2 78 6.2417 4.7778 -0.0854 0.0000 -2.0000
2 79 6.0424 4.7949 -0.0854 0.0000 2.0000
2 80 6.2417 4.7778 -0.0854 0.0000 -2.0000
2 81 6.0424 4.7949 -0.0854 0.0000 2.0000
2 82 6.2417 4.7778 -0.0854 0.0000 -2.0000
2 83 6.0424 4.7949 -0.0854 0.0000 2.0000
2 84 6.2417 4.7778 -0.0854 0.0000 -2.0000
2 85 6.0424 4.7949 -0.0854 0.0000 2.0000
2 86 6.2417 4.7778 -0.0854 0.0000 -2.0000
2 87 6.0424 4.7949 -0.0854 0.0000 2.0000
2 88 6.2417 4.7778 -0.0854 0.0000 -2.0000
2 89 6.0424 4.7949 -0.0854 0.0000 2.0000
2 90 6.2417 4.7778 -0.0854 0.0000 -2.0000
2 91 6.0424 4.7949 -0.0854 0.0000 2.0000
2 92 6.2417 4.7778 -0.0854 0.0000 -2.0000
2 93 6.0424 4.7949 -0.0854 0.0000 2.0000
2 94 6.2417 4.7778 -0.0854 0.0000 -2.0000
2 95 6.0424 4.7949 -0.0854 0.0000 2.0000
2 96 6.2417 4.7778 -0.0854 0.0000 -2.0000
2 97 6.0424 4.7949 -0.0854 0.0000 2.0000
2 98 6.2417 4.7778 -0.0854 0.0000 -2.0000
2 99 6.0424 4.7949 -0.0854 0.0000 2.0000
2 100 6.2417 4.7778 -0.0854 0.0000 -2.0000
3 1 9.6000 3.1500 0.0000 -0.1571 -2.0000
3 2 9.4005 3.1695 0.0098 -0.3142 -2.0000
3 3 9.2018 3.2052 0.0286 -0.3142 -2.0000
3 4 9.0025 3.2371 0.0473 -0.1571 -2.0000
3 5 8.8023 3.2472 0.0571 -0.6283 2.0000
3 6 8.9974 3.1793 0.0212 -0.1571 -2.0000
3 7 8.7975 3.1946 0.0309 -0.6283 2.0000
3 8 8.9908 3.1216 -0.0050 0.0000 -2.0000
3 9 8.7908 3.1226 -0.0050 -0.6283 2.0000
3 10 8.9813 3.0426 -0.0410 0.0000 -2.0000
3 11 8.7815 3.0508 -0.0410 0.0000 -2.0000
3 12 8.5816 3.0590 -0.0410 0.1571 2.0000
3 13 8.7817 3.0723 -0.0312 0.0000 -2.0000
3 14 8.5818 3.0786 -0.0312 0.1571 2.0000
3 15 8.7817 3.0938 -0.0215 0.0000 -2.0000
3 16 8.5818 3.0981 -0.0215 -0.1571 2.0000
3 17 8.7806 3.0724 -0.0312 0.0000 -2.0000
3 18 8.5807 3.0786 -0.0312 0.1571 2.0000
3 19 8.7806 3.0939 -0.0215 0.0000 -2.0000
3 20 8.5807 3.0982 -0.0215 -0.1571 2.0000
3 21 8.7795 3.0724 -0.0312 0.0000 -2.0000
3 22 8.5796 3.0786 -0.0312 0.1571 2.0000
3 23 8.7795 3.0939 -0.0215 0.0000 -2.0000
3 24 8.5795 3.0982 -0.0215 -0.1571 2.0000
3 25 8.7784 3.0724 -0.0312 0.0000 -2.0000
3 26 8.5785 3.0787 -0.0312 0.1571 2.0000
3 27 8.7784 3.0939 -0.0215 -0.1571 2.0000
3 28 8.9772 3.0682 -0.0312 0.0000 -2.0000
3 29 8.7773 3.0744 -0.0312 0.0000 -2.0000
3 30 8.5774 3.0807 -0.0312 0.1571 2.0000
3 31 8.7773 3.0959 -0.0215 -0.1571 2.0000
3 32 8.9762 3.0701 -0.0312 0.0000 -2.0000
3 33 8.7763 3.0764 -0.0312 0.0000 -2.0000
3 34 8.5764 3.0826 -0.0312 0.1571 2.0000
3 35 8.7763 3.0979 -0.0215 -0.1571 2.0000
3 36 8.9751 3.0721 -0.0312 0.0000 -2.0000
3 37 8.7752 3.0784 -0.0312 0.0000 -2.0000
3 38 8.5753 3.0846 -0.0312 0.1571 2.0000
3 39 8.7752 3.0999 -0.0215 -0.1571 2.0000
3 40 8.9741 3.0741 -0.0312 0.0000 -2.0000
3 41 8.7741 3.0804 -0.0312 0.0000 -2.0000
3 42 8.5742 3.0866 -0.0312 0.1571 2.0000
3 43 8.7742 3.1019 -0.0215 -0.1571 2.0000
3 44 8.9730 3.0761 -0.0312 0.0000 -2.0000
3 45 8.7731 3.0823 -0.0312 0.0000 -2.0000
3 46 8.5732 3.0886 -0.0312 -0.1571 2.0000
3 47 8.7718 3.0609 -0.0410 0.0000 -2.0000
3 48 8.5719 3.0691 -0.0410 0.1571 2.0000
3 49 8.7720 3.0824 -0.0312 0.0000 -2.0000
3 50 8.5721 3.0886 -0.0312 -0.1571 2.0000
3 51 8.7707 3.0609 -0.0410 0.0000 -2.0000
3 52 8.5708 3.0691 -0.0410 0.1571 2.0000
3 53 8.7709 3.0824 -0.0312 0.0000 -2.0000
3 54 8.5710 3.0887 -0.0312 0.1571 2.0000
3 55 8.7709 3.1039 -0.0215 -0.1571 2.0000
3 56 8.9697 3.0782 -0.0312 0.0000 -2.0000
3 57 8.7698 3.0844 -0.0312 0.0000 -2.0000
3 58 8.5699 3.0907 -0.0312 -0.1571 2.0000
3 59 8.7685 3.0629 -0.0410 0.0000 -2.0000
3 60 8.5687 3.0711 -0.0410 0.1571 2.0000
3 61 8.7687 3.0844 -0.0312 0.0000 -2.0000
3 62 8.5688 3.0907 -0.0312 -0.1571 2.0000
3 63 8.7674 3.0630 -0.0410 0.0000 -2.0000
3 64 8.5675 3.0712 -0.0410 0.1571 2.0000
3 65 8.7676 3.0845 -0.0312 0.0000 -2.0000
3 66 8.5677 3.0907 -0.0312 -0.1571 2.0000
3 67 8.7663 3.0630 -0.0410 0.0000 -2.0000
3 68 8.5664 3.0712 -0.0410 0.1571 2.0000
3 69 8.7665 3.0845 -0.0312 0.0000 -2.0000
3 70 8.5666 3.0908 -0.0312 0.1571 2.0000
3 71 8.7665 3.1060 -0.0215 -0.1571 2.0000
3 72 8.9653 3.0803 -0.0312 0.0000 -2.0000
3 73 8.7654 3.0865 -0.0312 0.0000 -2.0000
3 74 8.5655 3.0928 -0.0312 -0.1571 2.0000
3 75 8.7641 3.0650 -0.0410 0.0000 -2.0000
3 76 8.5643 3.0732 -0.0410 0.1571 2.0000
3 77 8.7643 3.0865 -0.0312 0.0000 -2.0000
3 78 8.5644 3.0928 -0.0312 -0.1571 2.0000
3 79 8.7630 3.0651 -0.0410 0.0000 -2.0000
3 80 8.5632 3.0733 -0.0410 0.1571 2.0000
3 81 8.7632 3.0866 -0.0312 0.0000 -2.0000
3 82 8.5633 3.0928 -0.0312 -0.1571 2.0000
3 83 8.7619 3.0651 -0.0410 0.0000 -2.0000
3 84 8.5621 3.0733 -0.0410 0.1571 2.0000
3 85 8.7621 3.0866 -0.0312 0.0000 -2.0000
3 86 8.5622 3.0929 -0.0312 -0.1571 2.0000
3 87 8.7608 3.0652 -0.0410 0.0000 -2.0000
3 88 8.5609 3.0734 -0.0410 0.1571 2.0000
3 89 8.7610 3.0867 -0.0312 0.0000 -2.0000
3 90 8.5611 3.0929 -0.0312 0.1571 2.0000
3 91 8.7610 3.1082 -0.0215 -0.1571 2.0000
3 92 8.9598 3.0824 -0.0312 0.0000 -2.0000
3 93 8.7599 3.0887 -0.0312 0.0000 -2.0000
3 94 8.5600 3.0949 -0.0312 -0.1571 2.0000
3 95 8.7586 3.0672 -0.0410 0.0000 -2.0000
3 96 8.5588 3.0754 -0.0410 0.1571 2.0000
3 97 8.7588 3.0887 -0.0312 0.0000 -2.0000
3 98 8.5589 3.0949 -0.0312 -0.1571 2.0000
3 99 8.7575 3.0672 -0.0410 0.0000 -2.0000
3 100 8.5577 3.0754 -0.0410 0.1571 2.0000
4 1 7.3000 5.7500 0.0000 0.4712 2.0000
4 2 7.4948 5.8102 0.0274 0.3142 2.0000
4 3 7.6911 5.8569 0.0462 0.3142 2.0000
4 4 7.8866 5.9073 0.0650 -0.1571 2.0000
4 5 8.0869 5.8988 0.0552 -0.4712 -2.0000
4 6 7.8878 5.9428 0.0826 -0.1571 2.0000
4 7 8.0882 5.9378 0.0728 -0.4712 -2.0000
4 8 7.8884 5.9782 0.1002 -0.1571 2.0000
4 9 8.0889 5.9768 0.0905 -0.4712 -2.0000
4 10 7.8884 6.0137 0.1179 0.1571 2.0000
4 11 8.0838 6.0585 0.1277 -0.4712 -2.0000
4 12 7.8821 6.0879 0.1551 0.1571 2.0000
4 13 8.0757 6.1399 0.1648 -0.4712 -2.0000
4 14 7.8730 6.1618 0.1922 0.1571 2.0000
4 15 8.0646 6.2210 0.2020 -0.4712 -2.0000
4 16 7.8612 6.2354 0.2294 0.1571 2.0000
4 17 8.0505 6.3017 0.2392 -0.4712 -2.0000
4 18 7.8467 6.3084 0.2666 0.1571 2.0000
5 1 10.1000 6.2100 0.0000 0.6283 -2.0000
5 2 9.9064 6.1380 -0.0360 -0.7854 2.0000
5 3 10.0885 6.0332 -0.0807 -0.7854 2.0000
5 4 10.2658 5.9203 -0.1255 0.6283 -2.0000
5 5 10.0647 5.8731 -0.1614 -0.7854 2.0000
5 6 10.2323 5.7463 -0.2062 0.6283 -2.0000
5 7 10.0280 5.7154 -0.2422 -0.7854 2.0000
5 8 10.1849 5.5756 -0.2869 -0.7854 2.0000
