1 1 10.0000 5.0000 0.0000 0.2618 -2.0000
1 2 9.8012 4.9683 -0.0158 0.4363 -2.0000
1 3 9.6036 4.9204 -0.0413 0.4363 -2.0000
1 4 9.4048 4.8775 -0.0669 0.4363 -2.0000
1 5 9.2050 4.8397 -0.0924 0.4363 -2.0000
1 6 9.0043 4.8070 -0.1179 0.4363 -2.0000
1 7 8.8028 4.7795 -0.1434 0.4363 -2.0000
1 8 8.6007 4.7570 -0.1689 0.4363 -2.0000
1 9 8.3980 4.7398 -0.1944 0.4363 -2.0000
1 10 8.1950 4.7277 -0.2199 0.2618 -2.0000
1 11 7.9941 4.7402 -0.2358 0.2618 -2.0000
1 12 7.7934 4.7558 -0.2516 0.4363 -2.0000
1 13 7.5901 4.7553 -0.2771 0.4363 -2.0000
1 14 7.3868 4.7601 -0.3026 0.4363 -2.0000
1 15 7.1837 4.7700 -0.3281 0.2618 -2.0000
1 16 6.9853 4.8040 -0.3440 0.2618 -2.0000
1 17 6.7874 4.8412 -0.3598 -0.6109 2.0000
1 18 6.9395 4.7019 -0.3948 -0.6109 2.0000
1 19 7.0866 4.5573 -0.4298 -0.2618 -2.0000
1 20 6.9191 4.6690 -0.4140 -0.2618 -2.0000
1 21 6.7499 4.7779 -0.3981 -0.6109 2.0000
1 22 6.8965 4.6329 -0.4331 -0.2618 -2.0000
1 23 6.7294 4.7451 -0.4173 -0.6109 2.0000
1 24 6.8732 4.5972 -0.4523 -0.2618 -2.0000
1 25 6.7083 4.7126 -0.4365 -0.6109 2.0000
1 26 6.8493 4.5620 -0.4715 -0.2618 -2.0000
1 27 6.6866 4.6805 -0.4556 -0.2618 -2.0000
1 28 6.5220 4.7965 -0.4398 -0.6109 2.0000
1 29 6.6625 4.6454 -0.4748 -0.2618 -2.0000
1 30 6.5002 4.7645 -0.4590 -0.6109 2.0000
1 31 6.6377 4.6108 -0.4940 -0.2618 -2.0000
1 32 6.4777 4.7329 -0.4781 -0.6109 2.0000
1 33 6.6123 4.5766 -0.5131 -0.2618 -2.0000
1 34 6.4547 4.7018 -0.4973 -0.6109 2.0000
1 35 6.5862 4.5429 -0.5323 -0.2618 -2.0000
1 36 6.4310 4.6711 -0.5165 -0.2618 -2.0000
1 37 6.2738 4.7968 -0.5006 -0.6109 2.0000
1 38 6.4048 4.6375 -0.5356 -0.2618 -2.0000
1 39 6.2501 4.7662 -0.5198 -0.6109 2.0000
1 40 6.3780 4.6044 -0.5548 -0.2618 -2.0000
1 41 6.2257 4.7361 -0.5389 -0.6109 2.0000
1 42 6.3506 4.5719 -0.5739 -0.2618 -2.0000
1 43 6.2008 4.7064 -0.5581 -0.6109 2.0000
1 44 6.3225 4.5398 -0.5931 -0.2618 -2.0000
1 45 6.1754 4.6772 -0.5773 -0.2618 -2.0000
1 46 6.0261 4.8123 -0.5614 -0.6109 2.0000
1 47 6.1472 4.6453 -0.5964 -0.2618 -2.0000
1 48 6.0005 4.7832 -0.5806 -0.6109 2.0000
1 49 6.1184 4.6139 -0.6156 -0.2618 -2.0000
1 50 5.9744 4.7546 -0.5998 -0.6109 2.0000
1 51 6.0890 4.5831 -0.6348 -0.2618 -2.0000
1 52 5.9478 4.7265 -0.6189 -0.6109 2.0000
1 53 6.0591 4.5528 -0.6539 -0.2618 -2.0000
1 54 5.9206 4.6989 -0.6381 -0.2618 -2.0000
1 55 5.7798 4.8428 -0.6223 -0.6109 2.0000
1 56 5.8905 4.6687 -0.6573 -0.2618 -2.0000
1 57 5.7525 4.8153 -0.6414 -0.6109 2.0000
1 58 5.8599 4.6391 -0.6764 -0.2618 -2.0000
1 59 5.7247 4.7883 -0.6606 -0.6109 2.0000
1 60 5.8287 4.6102 -0.6956 -0.2618 -2.0000
1 61 5.6964 4.7619 -0.6797 -0.7854 2.0000
1 62 5.7792 4.5687 -0.7245 -0.2618 -2.0000
1 63 5.6513 4.7242 -0.7087 -0.7854 2.0000
1 64 5.7285 4.5287 -0.7534 -0.2618 -2.0000
1 65 5.6052 4.6878 -0.7376 -0.7854 2.0000
1 66 5.6767 4.4902 -0.7823 -0.7854 2.0000
1 67 5.7393 4.2896 -0.8271 -0.2618 -2.0000
1 68 5.6281 4.4574 -0.8113 -0.7854 2.0000
1 69 5.6848 4.2550 -0.8560 -0.7854 2.0000
1 70 5.7325 4.0503 -0.9008 -0.2618 -2.0000
1 71 5.6339 4.2258 -0.8849 -0.7854 2.0000
1 72 5.6756 4.0198 -0.9297 -0.7854 2.0000
2 1 9.5000 4.5000 0.0000 0.4363 -2.0000
2 2 9.3032 4.4489 -0.0255 0.4363 -2.0000
2 3 9.1051 4.4029 -0.0510 0.4363 -2.0000
2 4 8.9059 4.3620 -0.0765 0.4363 -2.0000
2 5 8.7057 4.3261 -0.1020 0.4363 -2.0000
2 6 8.5047 4.2954 -0.1275 0.4363 -2.0000
2 7 8.3030 4.2697 -0.1531 0.4363 -2.0000
2 8 8.1006 4.2493 -0.1786 0.2618 -2.0000
2 9 7.8994 4.2534 -0.1944 0.2618 -2.0000
2 10 7.6982 4.2607 -0.2102 0.4363 -2.0000
2 11 7.4950 4.2519 -0.2358 0.4363 -2.0000
2 12 7.2917 4.2482 -0.2613 0.2618 -2.0000
2 13 7.0915 4.2689 -0.2771 0.2618 -2.0000
2 14 6.8916 4.2928 -0.2929 0.2618 -2.0000
2 15 6.6921 4.3199 -0.3088 0.2618 -2.0000
2 16 6.4931 4.3501 -0.3246 0.2618 -2.0000
2 17 6.2946 4.3835 -0.3405 0.2618 -2.0000
2 18 6.0966 4.4200 -0.3563 -0.2618 -2.0000
2 19 5.9214 4.5190 -0.3405 0.2618 -2.0000
2 20 5.7234 4.5555 -0.3563 -0.2618 -2.0000
2 21 5.5482 4.6546 -0.3405 0.0873 -2.0000
2 22 5.3561 4.7108 -0.3460 -0.4363 2.0000
2 23 5.5210 4.5918 -0.3715 -0.7854 2.0000
2 24 5.6585 4.4329 -0.4163 -0.7854 2.0000
2 25 5.7887 4.2679 -0.4610 -0.2618 -2.0000
2 26 5.6248 4.3848 -0.4452 -0.7854 2.0000
2 27 5.7502 4.2161 -0.4900 -0.2618 -2.0000
2 28 5.5897 4.3377 -0.4741 -0.7854 2.0000
2 29 5.7102 4.1655 -0.5189 -0.2618 -2.0000
2 30 5.5533 4.2916 -0.5030 -0.7854 2.0000
2 31 5.6688 4.1160 -0.5478 -0.7854 2.0000
2 32 5.7763 3.9354 -0.5926 -0.2618 -2.0000
2 33 5.6291 4.0727 -0.5767 -0.7854 2.0000
2 34 5.7314 3.8891 -0.6215 -0.2618 -2.0000
2 35 5.5882 4.0306 -0.6056 -0.7854 2.0000
2 36 5.6851 3.8441 -0.6504 -0.7854 2.0000
3 1 9.0000 4.0000 0.0000 0.4363 -2.0000
3 2 8.8032 3.9489 -0.0255 0.4363 -2.0000
3 3 8.6051 3.9029 -0.0510 0.4363 -2.0000
3 4 8.4059 3.8620 -0.0765 0.4363 -2.0000
3 5 8.2057 3.8261 -0.1020 0.2618 -2.0000
3 6 8.0047 3.8148 -0.1179 0.2618 -2.0000
3 7 7.8036 3.8067 -0.1337 0.2618 -2.0000
3 8 7.6024 3.8018 -0.1496 0.4363 -2.0000
3 9 7.4001 3.7807 -0.1751 0.4363 -2.0000
3 10 7.1974 3.7647 -0.2006 0.2618 -2.0000
3 11 6.9963 3.7732 -0.2164 0.2618 -2.0000
3 12 6.7953 3.7849 -0.2323 0.2618 -2.0000
3 13 6.5945 3.7999 -0.2481 0.2618 -2.0000
3 14 6.3941 3.8180 -0.2639 0.2618 -2.0000
3 15 6.1939 3.8392 -0.2798 0.2618 -2.0000
3 16 5.9941 3.8637 -0.2956 0.2618 -2.0000
3 17 5.7947 3.8912 -0.3115 0.2618 -2.0000
3 18 5.5957 3.9220 -0.3273 0.0873 -2.0000
3 19 5.4029 3.9757 -0.3329 0.0873 -2.0000
3 20 5.2104 4.0306 -0.3384 0.0873 -2.0000
3 21 5.0182 4.0864 -0.3440 -0.4363 -2.0000
3 22 4.8501 4.2009 -0.3184 -0.4363 -2.0000
3 23 4.6792 4.3110 -0.2929 -0.6109 -2.0000
3 24 4.5137 4.4342 -0.2579 -0.6109 -2.0000
3 25 4.3440 4.5514 -0.2229 -0.6109 -2.0000
3 26 4.1703 4.6627 -0.1879 -0.6109 -2.0000
3 27 3.9928 4.7679 -0.1529 -0.0873 -2.0000
3 28 3.7970 4.8093 -0.1474 -0.0873 -2.0000
3 29 3.6009 4.8496 -0.1418 -0.0873 -2.0000
3 30 3.4047 4.8888 -0.1363 -0.0873 -2.0000
3 31 3.2082 4.9270 -0.1307 -0.0873 -2.0000
3 32 3.0115 4.9640 -0.1252 0.6109 -2.0000
3 33 2.8102 4.9187 -0.1602 0.6109 -2.0000
3 34 2.6076 4.8804 -0.1952 0.6109 -2.0000
3 35 2.4036 4.8492 -0.2302 0.6109 -2.0000
3 36 2.1988 4.8252 -0.2652 0.6109 -2.0000
3 37 1.9932 4.8083 -0.3002 0.6109 -2.0000
3 38 1.7871 4.7987 -0.3352 0.6109 -2.0000
3 39 1.5809 4.7963 -0.3702 -0.7854 2.0000
3 40 1.7186 4.6376 -0.4150 -0.7854 2.0000
3 41 1.8491 4.4728 -0.4597 -0.7854 2.0000
3 42 1.9720 4.3024 -0.5045 -0.7854 2.0000
3 43 2.0873 4.1266 -0.5493 -0.7854 2.0000
3 44 2.1945 3.9459 -0.5940 0.0873 -2.0000
3 45 2.0227 4.0485 -0.5996 -0.7854 2.0000
3 46 2.1207 3.8626 -0.6443 0.0873 -2.0000
3 47 1.9542 3.9738 -0.6499 -0.7854 2.0000
3 48 2.0428 3.7832 -0.6946 -0.7854 2.0000
3 49 2.1227 3.5888 -0.7394 0.0873 -2.0000
3 50 1.9676 3.7153 -0.7449 -0.7854 2.0000
3 51 2.0376 3.5171 -0.7897 -0.7854 2.0000
3 52 2.0987 3.3161 -0.8345 -0.7854 2.0000
3 53 2.1508 3.1125 -0.8792 0.0873 -2.0000
3 54 2.0148 3.2593 -0.8848 -0.7854 2.0000
3 55 2.0565 3.0533 -0.9295 0.2618 2.0000
3 56 2.2031 2.9153 -0.9137 0.2618 2.0000
4 1 8.5000 3.5000 0.0000 0.4363 -2.0000
4 2 8.3032 3.4489 -0.0255 0.4363 -2.0000
4 3 8.1051 3.4029 -0.0510 0.2618 -2.0000
4 4 7.9049 3.3814 -0.0669 0.2618 -2.0000
4 5 7.7045 3.3631 -0.0827 0.4363 -2.0000
4 6 7.5041 3.3284 -0.1082 0.4363 -2.0000
4 7 7.3029 3.2989 -0.1337 0.4363 -2.0000
4 8 7.1010 3.2746 -0.1592 0.2618 -2.0000
4 9 6.8997 3.2748 -0.1751 0.2618 -2.0000
4 10 6.6984 3.2782 -0.1909 0.2618 -2.0000
4 11 6.4972 3.2848 -0.2067 0.2618 -2.0000
4 12 6.2961 3.2946 -0.2226 0.2618 -2.0000
4 13 6.0953 3.3076 -0.2384 0.2618 -2.0000
4 14 5.8946 3.3237 -0.2543 0.2618 -2.0000
4 15 5.6942 3.3431 -0.2701 0.0873 -2.0000
4 16 5.4987 3.3857 -0.2757 0.0873 -2.0000
4 17 5.3033 3.4294 -0.2812 0.0873 -2.0000
4 18 5.1083 3.4742 -0.2868 -0.4363 -2.0000
4 19 4.9339 3.5789 -0.2613 -0.4363 -2.0000
4 20 4.7569 3.6790 -0.2357 -0.4363 -2.0000
4 21 4.5775 3.7747 -0.2102 -0.6109 -2.0000
4 22 4.4024 3.8837 -0.1752 -0.6109 -2.0000
4 23 4.2236 3.9866 -0.1402 -0.6109 -2.0000
4 24 4.0413 4.0832 -0.1052 -0.6109 -2.0000
4 25 3.8557 4.1733 -0.0702 -0.6109 -2.0000
4 26 3.6671 4.2568 -0.0352 -0.6109 -2.0000
4 27 3.4757 4.3337 -0.0002 -0.6109 -2.0000
4 28 3.2818 4.4039 0.0348 -0.6109 -2.0000
4 29 3.0855 4.4672 0.0698 -0.7854 -2.0000
4 30 2.8896 4.5435 0.1146 -0.7854 -2.0000
4 31 2.6906 4.6110 0.1593 -0.7854 -2.0000
4 32 2.4887 4.6694 0.2041 0.6109 -2.0000
4 33 2.3130 4.5614 0.1691 0.6109 -2.0000
4 34 2.1335 4.4597 0.1341 0.6109 -2.0000
4 35 1.9507 4.3642 0.0991 0.6109 -2.0000
4 36 1.7646 4.2753 0.0641 0.6109 -2.0000
4 37 1.5755 4.1929 0.0291 0.6109 -2.0000
4 38 1.3836 4.1171 -0.0059 0.6109 -2.0000
4 39 1.1892 4.0482 -0.0409 0.6109 -2.0000
4 40 0.9925 3.9860 -0.0760 0.6109 -2.0000
4 41 0.7937 3.9308 -0.1110 0.6109 -2.0000
4 42 0.5932 3.8826 -0.1460 0.6109 -2.0000
4 43 0.3910 3.8414 -0.1810 0.6109 -2.0000
4 44 0.1876 3.8074 -0.2160 0.6109 -2.0000
4 45 -0.0169 3.7805 -0.2510 0.6109 -2.0000
4 46 -0.2222 3.7607 -0.2860 0.6109 -2.0000
4 47 -0.4281 3.7482 -0.3210 0.6109 -2.0000
4 48 -0.6343 3.7428 -0.3560 -0.7854 2.0000
4 49 -0.4944 3.5860 -0.4008 -0.7854 2.0000
4 50 -0.3616 3.4232 -0.4455 -0.7854 2.0000
4 51 -0.2362 3.2545 -0.4903 -0.7854 2.0000
4 52 -0.1185 3.0804 -0.5351 0.2618 2.0000
4 53 0.0698 3.0093 -0.5192 0.2618 2.0000
4 54 0.2592 2.9411 -0.5034 0.2618 2.0000
4 55 0.4497 2.8760 -0.4875 0.2618 2.0000
4 56 0.6412 2.8139 -0.4717 0.2618 2.0000
4 57 0.8336 2.7549 -0.4558 0.2618 2.0000
4 58 1.0270 2.6989 -0.4400 0.2618 2.0000
4 59 1.2212 2.6459 -0.4242 0.2618 2.0000
4 60 1.4163 2.5961 -0.4083 0.2618 2.0000
4 61 1.6120 2.5493 -0.3925 0.2618 2.0000
4 62 1.8086 2.5057 -0.3766 0.2618 2.0000
4 63 2.0057 2.4652 -0.3608 0.2618 2.0000
