1 1 10.0000 5.0000 0.0000 -0.7854 -2.0000
1 2 9.8100 5.0898 0.0448 -0.7854 -2.0000
1 3 9.6161 5.1709 0.0895 -0.7854 -2.0000
1 4 9.4188 5.2433 0.1343 -0.7854 -2.0000
1 5 9.2185 5.3068 0.1790 -0.7854 -2.0000
1 6 9.0155 5.3613 0.2238 -0.7854 -2.0000
1 7 8.8103 5.4067 0.2686 -0.7854 -2.0000
1 8 8.6032 5.4428 0.3133 -0.7854 -2.0000
1 9 8.3948 5.4696 0.3581 -0.7854 -2.0000
1 10 8.1854 5.4871 0.4028 -0.7854 -2.0000
1 11 7.9754 5.4951 0.4476 -0.7854 -2.0000
1 12 7.7652 5.4938 0.4924 -0.7854 -2.0000
1 13 7.5553 5.4831 0.5371 -0.4363 -2.0000
1 14 7.3601 5.4262 0.5626 -0.4363 -2.0000
1 15 7.1663 5.3644 0.5881 -0.4363 -2.0000
1 16 6.9742 5.2977 0.6136 -0.4363 -2.0000
1 17 6.7839 5.2261 0.6392 -0.4363 -2.0000
1 18 6.5955 5.1496 0.6647 -0.4363 -2.0000
1 19 6.4090 5.0684 0.6902 -0.4363 -2.0000
1 20 6.2247 4.9825 0.7157 -0.4363 -2.0000
1 21 6.0427 4.8919 0.7412 -0.4363 -2.0000
1 22 5.8630 4.7966 0.7667 -0.4363 -2.0000
1 23 5.6858 4.6968 0.7922 -0.0873 -2.0000
1 24 5.5375 4.5624 0.7978 -0.0873 -2.0000
1 25 5.3900 4.4270 0.8033 -0.0873 -2.0000
1 26 5.2433 4.2909 0.8089 -0.0873 -2.0000
1 27 5.0973 4.1540 0.8144 -0.0873 -2.0000
1 28 4.9521 4.0163 0.8199 -0.4363 -2.0000
1 29 4.7804 3.9072 0.8455 -0.4363 -2.0000
1 30 4.6116 3.7938 0.8710 -0.4363 -2.0000
1 31 4.4458 3.6761 0.8965 -0.4363 -2.0000
1 32 4.2830 3.5542 0.9220 -0.4363 -2.0000
1 33 4.1234 3.4282 0.9475 -0.4363 -2.0000
1 34 3.9670 3.2982 0.9730 -0.4363 -2.0000
1 35 3.8140 3.1642 0.9985 -0.4363 -2.0000
1 36 3.6645 3.0264 1.0240 -0.4363 -2.0000
1 37 3.5186 2.8848 1.0495 -0.4363 -2.0000
1 38 3.3763 2.7395 1.0750 -0.4363 -2.0000
1 39 3.2377 2.5907 1.1005 -0.4363 -2.0000
1 40 3.1030 2.4383 1.1261 -0.6109 -2.0000
1 41 2.9562 2.2934 1.1611 -0.6109 -2.0000
1 42 2.8146 2.1434 1.1961 -0.6109 -2.0000
1 43 2.6784 1.9885 1.2311 -0.7854 -2.0000
1 44 2.5304 1.8393 1.2758 -0.7854 -2.0000
1 45 2.3893 1.6835 1.3206 -0.7854 -2.0000
1 46 2.2553 1.5216 1.3654 -0.7854 -2.0000
1 47 2.1286 1.3539 1.4101 -0.7854 -2.0000
1 48 2.0096 1.1807 1.4549 -0.7854 -2.0000
1 49 1.8985 1.0023 1.4996 0.2618 2.0000
1 50 1.8778 1.2026 1.5155 -0.7854 -2.0000
1 51 1.7777 1.0178 1.5602 0.2618 2.0000
1 52 1.7450 1.2164 1.5761 0.2618 2.0000
1 53 1.7091 1.4145 1.5919 -0.7854 -2.0000
1 54 1.6234 1.2226 1.6367 0.2618 2.0000
1 55 1.5755 1.4181 1.6525 -0.7854 -2.0000
1 56 1.5016 1.2214 1.6973 0.2618 2.0000
1 57 1.4420 1.4137 1.7131 0.6109 2.0000
1 58 1.3388 1.5923 1.7481 0.6109 2.0000
1 59 1.2294 1.7671 1.7831 0.6109 2.0000
1 60 1.1139 1.9380 1.8181 0.6109 2.0000
1 61 0.9925 2.1048 1.8531 0.6109 2.0000
1 62 0.8653 2.2672 1.8882 0.6109 2.0000
1 63 0.7325 2.4251 1.9232 -0.7854 -2.0000
1 64 0.7139 2.2158 1.9679 0.0873 -2.0000
1 65 0.8014 2.0358 1.9624 0.6109 2.0000
1 66 0.6573 2.1834 1.9974 0.0873 -2.0000
1 67 0.7501 2.0060 1.9918 0.6109 2.0000
1 68 0.6017 2.1493 2.0268 0.6109 2.0000
1 69 0.4484 2.2873 2.0618 -0.7854 -2.0000
1 70 0.4588 2.0774 2.1066 0.6109 2.0000
1 71 0.2950 2.2027 2.1416 -0.4363 -2.0000
1 72 0.3584 2.0095 2.1671 0.6109 2.0000
1 73 0.1873 2.1247 2.2021 -0.4363 -2.0000
1 74 0.2623 1.9357 2.2276 0.6109 2.0000
1 75 0.0845 2.0403 2.2626 -0.4363 -2.0000
1 76 0.1708 1.8562 2.2881 0.6109 2.0000
1 77 -0.0130 1.9499 2.3232 0.6109 2.0000
1 78 -0.1999 2.0371 2.3582 -0.7854 -2.0000
1 79 -0.1286 1.8394 2.4029 0.6109 2.0000
1 80 -0.3219 1.9114 2.4379 -0.7854 -2.0000
1 81 -0.2351 1.7200 2.4827 0.6109 2.0000
1 82 -0.4335 1.7765 2.5177 -0.7854 -2.0000
1 83 -0.3317 1.5926 2.5625 -0.7854 -2.0000
1 84 -0.2218 1.4135 2.6072 0.6109 2.0000
1 85 -0.4257 1.4448 2.6422 -0.7854 -2.0000
1 86 -0.3018 1.2750 2.6870 0.6109 2.0000
1 87 -0.5076 1.2900 2.7220 -0.7854 -2.0000
1 88 -0.3706 1.1306 2.7668 0.6109 2.0000
1 89 -0.5769 1.1291 2.8018 -0.7854 -2.0000
1 90 -0.4276 0.9812 2.8465 0.6109 2.0000
1 91 -0.6331 0.9633 2.8815 -0.7854 -2.0000
1 92 -0.4726 0.8277 2.9263 0.6109 2.0000
1 93 -0.6760 0.7935 2.9613 -0.7854 -2.0000
1 94 -0.5051 0.6711 3.0061 0.6109 2.0000
1 95 -0.7052 0.6208 3.0411 -0.7854 -2.0000
1 96 -0.5251 0.5124 3.0858 0.6109 2.0000
1 97 -0.7205 0.4463 3.1208 -0.7854 -2.0000
1 98 -0.5324 0.3527 -3.1176 -0.7854 -2.0000
1 99 -0.3403 0.2675 -3.0728 -0.7854 -2.0000
1 100 -0.1445 0.1910 -3.0281 -0.7854 -2.0000
2 1 9.5000 4.5000 0.0000 -0.7854 -2.0000
2 2 9.3100 4.5898 0.0448 -0.7854 -2.0000
2 3 9.1161 4.6709 0.0895 -0.7854 -2.0000
2 4 8.9188 4.7433 0.1343 -0.7854 -2.0000
2 5 8.7185 4.8068 0.1790 -0.7854 -2.0000
2 6 8.5155 4.8613 0.2238 -0.7854 -2.0000
2 7 8.3103 4.9067 0.2686 -0.7854 -2.0000
2 8 8.1032 4.9428 0.3133 -0.7854 -2.0000
2 9 7.8948 4.9696 0.3581 -0.7854 -2.0000
2 10 7.6854 4.9871 0.4028 -0.4363 -2.0000
2 11 7.4843 4.9569 0.4283 -0.4363 -2.0000
2 12 7.2840 4.9216 0.4539 -0.4363 -2.0000
2 13 7.0847 4.8811 0.4794 -0.4363 -2.0000
2 14 6.8865 4.8357 0.5049 -0.4363 -2.0000
2 15 6.6895 4.7851 0.5304 -0.4363 -2.0000
2 16 6.4939 4.7296 0.5559 -0.4363 -2.0000
2 17 6.2997 4.6691 0.5814 -0.4363 -2.0000
2 18 6.1072 4.6037 0.6069 -0.4363 -2.0000
2 19 5.9164 4.5334 0.6324 -0.4363 -2.0000
2 20 5.7274 4.4582 0.6579 -0.0873 -2.0000
2 21 5.5625 4.3448 0.6635 -0.4363 -2.0000
2 22 5.3760 4.2638 0.6890 -0.0873 -2.0000
2 23 5.2147 4.1453 0.6945 -0.0873 -2.0000
2 24 5.0540 4.0259 0.7001 -0.0873 -2.0000
2 25 4.8940 3.9056 0.7056 -0.4363 -2.0000
2 26 4.7110 3.8168 0.7311 -0.4363 -2.0000
2 27 4.5304 3.7234 0.7566 -0.4363 -2.0000
2 28 4.3522 3.6254 0.7822 -0.4363 -2.0000
2 29 4.1766 3.5229 0.8077 -0.4363 -2.0000
2 30 4.0037 3.4159 0.8332 -0.4363 -2.0000
2 31 3.8335 3.3046 0.8587 -0.4363 -2.0000
2 32 3.6662 3.1889 0.8842 -0.4363 -2.0000
2 33 3.5019 3.0691 0.9097 -0.4363 -2.0000
2 34 3.3408 2.9451 0.9352 -0.4363 -2.0000
2 35 3.1828 2.8170 0.9607 -0.4363 -2.0000
2 36 3.0282 2.6849 0.9862 -0.4363 -2.0000
2 37 2.8770 2.5489 1.0117 -0.6109 -2.0000
2 38 2.7147 2.4216 1.0467 -0.6109 -2.0000
2 39 2.5569 2.2888 1.0817 -0.7854 -2.0000
2 40 2.3884 2.1632 1.1265 -0.7854 -2.0000
2 41 2.2256 2.0302 1.1713 -0.7854 -2.0000
2 42 2.0690 1.8900 1.2160 -0.7854 -2.0000
2 43 1.9188 1.7430 1.2608 -0.7854 -2.0000
2 44 1.7754 1.5894 1.3055 -0.7854 -2.0000
2 45 1.6390 1.4296 1.3503 -0.7854 -2.0000
2 46 1.5098 1.2638 1.3951 -0.7854 -2.0000
2 47 1.3882 1.0924 1.4398 0.2618 2.0000
2 48 1.3796 1.2935 1.4557 -0.7854 -2.0000
2 49 1.2686 1.1150 1.5004 0.6109 2.0000
2 50 1.2053 1.3114 1.5354 0.6109 2.0000
2 51 1.1353 1.5054 1.5704 0.6109 2.0000
2 52 1.0585 1.6968 1.6054 0.6109 2.0000
2 53 0.9750 1.8855 1.6405 0.6109 2.0000
2 54 0.8850 2.0711 1.6755 0.6109 2.0000
2 55 0.7886 2.2534 1.7105 0.6109 2.0000
2 56 0.6858 2.4323 1.7455 -0.7854 -2.0000
2 57 0.6304 2.2295 1.7902 0.6109 2.0000
2 58 0.5137 2.3996 1.8252 -0.7854 -2.0000
2 59 0.4747 2.1931 1.8700 -0.4363 -2.0000
2 60 0.4839 1.9900 1.8955 0.6109 2.0000
2 61 0.3500 2.1468 1.9305 -0.4363 -2.0000
2 62 0.3715 1.9446 1.9560 0.6109 2.0000
2 63 0.2283 2.0931 1.9910 -0.4363 -2.0000
2 64 0.2620 1.8926 2.0165 0.6109 2.0000
2 65 0.1101 2.0322 2.0515 -0.4363 -2.0000
2 66 0.1559 1.8340 2.0771 0.6109 2.0000
2 67 -0.0042 1.9641 2.1121 -0.4363 -2.0000
2 68 0.0535 1.7691 2.1376 0.6109 2.0000
2 69 -0.1141 1.8893 2.1726 -0.4363 -2.0000
2 70 -0.0448 1.6982 2.1981 0.6109 2.0000
2 71 -0.2194 1.8080 2.2331 -0.4363 -2.0000
2 72 -0.1386 1.6214 2.2586 0.6109 2.0000
2 73 -0.3195 1.7205 2.2936 -0.4363 -2.0000
2 74 -0.2276 1.5391 2.3191 0.6109 2.0000
2 75 -0.4142 1.6271 2.3541 -0.7854 -2.0000
2 76 -0.3437 1.4291 2.3989 -0.7854 -2.0000
2 77 -0.2644 1.2344 2.4436 0.6109 2.0000
2 78 -0.4605 1.2986 2.4787 -0.7854 -2.0000
2 79 -0.3659 1.1109 2.5234 0.6109 2.0000
2 80 -0.5665 1.1592 2.5584 -0.7854 -2.0000
2 81 -0.4573 0.9796 2.6032 0.6109 2.0000
2 82 -0.6610 1.0117 2.6382 -0.7854 -2.0000
2 83 -0.5379 0.8414 2.6829 0.6109 2.0000
2 84 -0.7435 0.8573 2.7180 -0.7854 -2.0000
2 85 -0.6072 0.6973 2.7627 -0.7854 -2.0000
2 86 -0.4638 0.5436 2.8075 0.6109 2.0000
2 87 -0.6699 0.5338 2.8425 -0.7854 -2.0000
2 88 -0.5147 0.3920 2.8872 0.6109 2.0000
2 89 -0.7193 0.3658 2.9222 -0.7854 -2.0000
2 90 -0.5534 0.2368 2.9670 -0.7854 -2.0000
2 91 -0.3818 0.1154 3.0118 0.6109 2.0000
2 92 -0.5816 0.0640 3.0468 -0.7854 -2.0000
2 93 -0.4009 -0.0434 3.0915 -0.7854 -2.0000
2 94 -0.2156 -0.1425 3.1363 -0.7854 -2.0000
2 95 -0.0261 -0.2333 -3.1021 -0.7854 -2.0000
2 96 0.1674 -0.3155 -3.0574 -0.7854 -2.0000
3 1 9.0000 4.0000 0.0000 -0.7854 -2.0000
3 2 8.8100 4.0898 0.0448 -0.7854 -2.0000
3 3 8.6161 4.1709 0.0895 -0.7854 -2.0000
3 4 8.4188 4.2433 0.1343 -0.7854 -2.0000
3 5 8.2185 4.3068 0.1790 -0.7854 -2.0000
3 6 8.0155 4.3613 0.2238 -0.7854 -2.0000
3 7 7.8103 4.4067 0.2686 -0.7854 -2.0000
3 8 7.6032 4.4428 0.3133 -0.7854 -2.0000
3 9 7.3948 4.4696 0.3581 -0.7854 -2.0000
3 10 7.1854 4.4871 0.4028 -0.4363 -2.0000
3 11 6.9843 4.4569 0.4283 -0.4363 -2.0000
3 12 6.7840 4.4216 0.4539 -0.4363 -2.0000
3 13 6.5847 4.3811 0.4794 -0.4363 -2.0000
3 14 6.3865 4.3357 0.5049 -0.4363 -2.0000
3 15 6.1895 4.2851 0.5304 -0.4363 -2.0000
3 16 5.9939 4.2296 0.5559 -0.0873 -2.0000
3 17 5.8183 4.1336 0.5614 -0.0873 -2.0000
3 18 5.6432 4.0366 0.5670 -0.4363 -2.0000
3 19 5.4497 3.9739 0.5925 -0.4363 -2.0000
3 20 5.2579 3.9063 0.6180 -0.0873 -2.0000
3 21 5.0886 3.7996 0.6236 -0.4363 -2.0000
3 22 4.8990 3.7261 0.6491 -0.4363 -2.0000
3 23 4.7113 3.6478 0.6746 -0.4363 -2.0000
3 24 4.5257 3.5647 0.7001 -0.4363 -2.0000
3 25 4.3422 3.4770 0.7256 -0.4363 -2.0000
3 26 4.1611 3.3845 0.7511 -0.4363 -2.0000
3 27 3.9824 3.2875 0.7766 -0.4363 -2.0000
3 28 3.8062 3.1860 0.8021 -0.4363 -2.0000
3 29 3.6326 3.0800 0.8276 -0.4363 -2.0000
3 30 3.4619 2.9696 0.8531 -0.4363 -2.0000
3 31 3.2939 2.8549 0.8786 -0.4363 -2.0000
3 32 3.1290 2.7359 0.9041 -0.4363 -2.0000
3 33 2.9672 2.6128 0.9297 -0.4363 -2.0000
3 34 2.8085 2.4856 0.9552 -0.6109 -2.0000
3 35 2.6392 2.3677 0.9902 -0.6109 -2.0000
3 36 2.4742 2.2440 1.0252 -0.7854 -2.0000
3 37 2.2988 2.1281 1.0699 -0.7854 -2.0000
3 38 2.1289 2.0045 1.1147 -0.7854 -2.0000
3 39 1.9646 1.8735 1.1595 -0.7854 -2.0000
3 40 1.8063 1.7352 1.2042 -0.7854 -2.0000
3 41 1.6544 1.5899 1.2490 -0.7854 -2.0000
3 42 1.5092 1.4381 1.2937 -0.7854 -2.0000
3 43 1.3708 1.2798 1.3385 -0.7854 -2.0000
3 44 1.2398 1.1156 1.3833 0.6109 2.0000
3 45 1.1999 1.3179 1.4183 -0.7854 -2.0000
3 46 1.0823 1.1438 1.4630 0.6109 2.0000
3 47 1.0265 1.3423 1.4980 0.6109 2.0000
3 48 0.9637 1.5388 1.5330 0.6109 2.0000
3 49 0.8941 1.7330 1.5680 0.6109 2.0000
3 50 0.8178 1.9246 1.6031 0.6109 2.0000
3 51 0.7348 2.1135 1.6381 0.6109 2.0000
3 52 0.6452 2.2993 1.6731 -0.4363 -2.0000
3 53 0.6145 2.0983 1.6986 0.6109 2.0000
3 54 0.5139 2.2783 1.7336 -0.4363 -2.0000
3 55 0.4954 2.0758 1.7591 0.6109 2.0000
3 56 0.3841 2.2495 1.7941 -0.4363 -2.0000
3 57 0.3779 2.0462 1.8196 -0.4363 -2.0000
3 58 0.3768 1.8428 1.8451 0.6109 2.0000
3 59 0.2510 2.0063 1.8801 -0.4363 -2.0000
3 60 0.2623 1.8032 1.9056 -0.4363 -2.0000
3 61 0.2787 1.6006 1.9311 0.6109 2.0000
3 62 0.1393 1.7526 1.9661 -0.4363 -2.0000
3 63 0.1680 1.5512 1.9917 0.6109 2.0000
3 64 0.0196 1.6946 2.0267 -0.4363 -2.0000
3 65 0.0604 1.4953 2.0522 0.6109 2.0000
3 66 -0.0963 1.6294 2.0872 -0.4363 -2.0000
3 67 -0.0435 1.4330 2.1127 0.6109 2.0000
3 68 -0.2081 1.5574 2.1477 -0.4363 -2.0000
3 69 -0.1436 1.3645 2.1732 0.6109 2.0000
3 70 -0.3154 1.4787 2.2082 -0.4363 -2.0000
3 71 -0.2392 1.2901 2.2337 -0.4363 -2.0000
3 72 -0.1583 1.1035 2.2592 0.6109 2.0000
3 73 -0.3393 1.2025 2.2942 -0.7854 -2.0000
3 74 -0.2808 1.0007 2.3390 -0.7854 -2.0000
3 75 -0.2133 0.8016 2.3838 0.6109 2.0000
3 76 -0.4052 0.8774 2.4188 -0.7854 -2.0000
3 77 -0.3221 0.6844 2.4635 0.6109 2.0000
3 78 -0.5193 0.7446 2.4985 -0.7854 -2.0000
3 79 -0.4211 0.5588 2.5433 0.6109 2.0000
3 80 -0.6226 0.6031 2.5783 -0.7854 -2.0000
3 81 -0.5098 0.4257 2.6231 -0.7854 -2.0000
4 1 8.5000 3.5000 0.0000 -0.7854 -2.0000
4 2 8.3100 3.5898 0.0448 -0.7854 -2.0000
4 3 8.1161 3.6709 0.0895 -0.7854 -2.0000
4 4 7.9188 3.7433 0.1343 -0.7854 -2.0000
4 5 7.7185 3.8068 0.1790 -0.7854 -2.0000
4 6 7.5155 3.8613 0.2238 -0.7854 -2.0000
4 7 7.3103 3.9067 0.2686 -0.7854 -2.0000
4 8 7.1032 3.9428 0.3133 -0.7854 -2.0000
4 9 6.8948 3.9696 0.3581 -0.7854 -2.0000
4 10 6.6854 3.9871 0.4028 -0.4363 -2.0000
4 11 6.4843 3.9569 0.4283 -0.4363 -2.0000
4 12 6.2840 3.9216 0.4539 -0.4363 -2.0000
4 13 6.0847 3.8811 0.4794 -0.0873 -2.0000
4 14 5.9023 3.7988 0.4849 -0.4363 -2.0000
4 15 5.7043 3.7522 0.5104 -0.4363 -2.0000
4 16 5.5076 3.7006 0.5359 -0.0873 -2.0000
4 17 5.3301 3.6081 0.5415 -0.4363 -2.0000
4 18 5.1351 3.5504 0.5670 -0.4363 -2.0000
4 19 4.9416 3.4878 0.5925 -0.4363 -2.0000
4 20 4.7498 3.4202 0.6180 -0.4363 -2.0000
4 21 4.5598 3.3478 0.6435 -0.4363 -2.0000
4 22 4.3717 3.2705 0.6690 -0.4363 -2.0000
4 23 4.1856 3.1885 0.6945 -0.4363 -2.0000
4 24 4.0017 3.1017 0.7200 -0.4363 -2.0000
4 25 3.8201 3.0103 0.7455 -0.4363 -2.0000
4 26 3.6408 2.9143 0.7711 -0.4363 -2.0000
4 27 3.4640 2.8137 0.7966 -0.4363 -2.0000
4 28 3.2899 2.7087 0.8221 -0.4363 -2.0000
4 29 3.1185 2.5992 0.8476 -0.4363 -2.0000
4 30 2.9500 2.4855 0.8731 -0.6109 -2.0000
4 31 2.7716 2.3819 0.9081 -0.6109 -2.0000
4 32 2.5970 2.2721 0.9431 -0.6109 -2.0000
4 33 2.4263 2.1562 0.9781 -0.7854 -2.0000
4 34 2.2457 2.0488 1.0229 -0.7854 -2.0000
4 35 2.0701 1.9333 1.0676 -0.7854 -2.0000
4 36 1.8998 1.8101 1.1124 -0.7854 -2.0000
4 37 1.7352 1.6794 1.1572 -0.7854 -2.0000
4 38 1.5766 1.5415 1.2019 -0.7854 -2.0000
4 39 1.4244 1.3966 1.2467 -0.7854 -2.0000
4 40 1.2788 1.2451 1.2914 -0.7854 -2.0000
4 41 1.1401 1.0871 1.3362 0.6109 2.0000
4 42 1.1098 1.2912 1.3712 0.6109 2.0000
4 43 1.0725 1.4940 1.4062 0.6109 2.0000
4 44 1.0280 1.6955 1.4412 0.6109 2.0000
4 45 0.9765 1.8952 1.4762 0.6109 2.0000
4 46 0.9180 2.0930 1.5112 0.6109 2.0000
4 47 0.8527 2.2887 1.5462 -0.7854 -2.0000
4 48 0.7583 2.1009 1.5910 0.6109 2.0000
4 49 0.6776 2.2907 1.6260 -0.4363 -2.0000
4 50 0.6375 2.0914 1.6515 0.6109 2.0000
4 51 0.5454 2.2760 1.6865 -0.4363 -2.0000
4 52 0.5174 2.0746 1.7120 0.6109 2.0000
4 53 0.4144 2.2533 1.7470 -0.4363 -2.0000
4 54 0.3986 2.0505 1.7725 -0.4363 -2.0000
4 55 0.3880 1.8474 1.7980 0.6109 2.0000
4 56 0.2700 2.0166 1.8331 -0.4363 -2.0000
4 57 0.2717 1.8133 1.8586 -0.4363 -2.0000
4 58 0.2786 1.6100 1.8841 0.6109 2.0000
4 59 0.1465 1.7684 1.9191 -0.4363 -2.0000
4 60 0.1657 1.5660 1.9446 0.6109 2.0000
4 61 0.0242 1.7161 1.9796 -0.4363 -2.0000
4 62 0.0556 1.5152 2.0051 0.6109 2.0000
4 63 -0.0947 1.6565 2.0401 -0.4363 -2.0000
4 64 -0.0512 1.4578 2.0656 0.6109 2.0000
4 65 -0.2097 1.5898 2.1006 -0.4363 -2.0000
4 66 -0.1543 1.3941 2.1261 -0.4363 -2.0000
4 67 -0.0939 1.1999 2.1516 0.6109 2.0000
4 68 -0.2632 1.3178 2.1867 -0.4363 -2.0000
4 69 -0.1912 1.1276 2.2122 -0.4363 -2.0000
4 70 -0.1143 0.9393 2.2377 0.6109 2.0000
4 71 -0.2931 1.0422 2.2727 -0.7854 -2.0000
4 72 -0.2390 0.8391 2.3174 0.6109 2.0000
4 73 -0.4254 0.9274 2.3524 -0.7854 -2.0000
4 74 -0.3552 0.7293 2.3972 0.6109 2.0000
4 75 -0.5481 0.8025 2.4322 -0.7854 -2.0000
