1 1 10.0000 5.0000 0.0000 0.4363 -2.0000
1 2 9.8032 4.9489 -0.0255 0.4363 -2.0000
1 3 9.6051 4.9029 -0.0510 0.4363 -2.0000
1 4 9.4059 4.8620 -0.0765 0.4363 -2.0000
1 5 9.2057 4.8261 -0.1020 0.4363 -2.0000
1 6 9.0047 4.7954 -0.1275 0.4363 -2.0000
1 7 8.8030 4.7697 -0.1531 0.4363 -2.0000
1 8 8.6006 4.7493 -0.1786 0.4363 -2.0000
1 9 8.3979 4.7340 -0.2041 0.4363 -2.0000
1 10 8.1947 4.7239 -0.2296 0.4363 -2.0000
1 11 7.9914 4.7190 -0.2551 0.4363 -2.0000
1 12 7.7881 4.7192 -0.2806 0.4363 -2.0000
1 13 7.5848 4.7247 -0.3061 0.4363 -2.0000
1 14 7.3817 4.7353 -0.3316 0.4363 -2.0000
1 15 7.1790 4.7511 -0.3571 0.4363 -2.0000
1 16 6.9767 4.7721 -0.3826 0.4363 -2.0000
1 17 6.7750 4.7982 -0.4081 0.4363 -2.0000
1 18 6.5741 4.8295 -0.4336 0.4363 -2.0000
1 19 6.3740 4.8659 -0.4592 0.4363 -2.0000
1 20 6.1749 4.9073 -0.4847 0.4363 -2.0000
1 21 5.9770 4.9538 -0.5102 0.4363 -2.0000
1 22 5.7803 5.0054 -0.5357 0.4363 -2.0000
1 23 5.5849 5.0620 -0.5612 0.4363 -2.0000
1 24 5.3911 5.1235 -0.5867 0.4363 -2.0000
1 25 5.1989 5.1900 -0.6122 0.4363 -2.0000
1 26 5.0085 5.2613 -0.6377 0.4363 -2.0000
1 27 4.8199 5.3375 -0.6632 0.4363 -2.0000
1 28 4.6334 5.4184 -0.6887 0.4363 -2.0000
1 29 4.4490 5.5041 -0.7142 -0.4363 2.0000
1 30 4.5599 5.3337 -0.7398 0.4363 -2.0000
1 31 4.3801 5.4287 -0.7653 -0.4363 2.0000
1 32 4.4823 5.2528 -0.7908 0.4363 -2.0000
1 33 4.3075 5.3568 -0.8163 -0.4363 2.0000
1 34 4.4006 5.1760 -0.8418 0.4363 -2.0000
1 35 4.2314 5.2888 -0.8673 -0.4363 2.0000
1 36 4.3151 5.1035 -0.8928 -0.4363 2.0000
1 37 4.3940 4.9161 -0.9183 0.4363 -2.0000
1 38 4.2339 5.0415 -0.9438 -0.4363 2.0000
1 39 4.3032 4.8503 -0.9693 0.4363 -2.0000
1 40 4.1497 4.9837 -0.9948 -0.4363 2.0000
1 41 4.2092 4.7892 -1.0203 0.4363 -2.0000
1 42 4.0627 4.9303 -1.0459 -0.4363 2.0000
1 43 4.1121 4.7330 -1.0714 0.4363 -2.0000
1 44 3.9730 4.8814 -1.0969 -0.4363 2.0000
1 45 4.0124 4.6819 -1.1224 -0.4363 2.0000
1 46 4.0466 4.4814 -1.1479 0.4363 -2.0000
1 47 3.9192 4.6399 -1.1734 -0.4363 2.0000
1 48 3.9432 4.4380 -1.1989 0.4363 -2.0000
1 49 3.8241 4.6028 -1.2244 -0.4363 2.0000
1 50 3.8377 4.3999 -1.2499 -0.4363 2.0000
1 51 3.8462 4.1968 -1.2754 0.4363 -2.0000
1 52 3.7400 4.3702 -1.3009 -0.4363 2.0000
1 53 3.7381 4.1669 -1.3264 0.4363 -2.0000
1 54 3.6409 4.3455 -1.3520 -0.4363 2.0000
1 55 3.6286 4.1425 -1.3775 -0.4363 2.0000
1 56 3.6112 3.9399 -1.4030 0.4363 -2.0000
1 57 3.5280 4.1255 -1.4285 -0.4363 2.0000
1 58 3.5002 3.9240 -1.4540 -0.4363 2.0000
1 59 3.4673 3.7233 -1.4795 0.4363 -2.0000
1 60 3.3985 3.9147 -1.5050 -0.4363 2.0000
1 61 3.3554 3.7160 -1.5305 -0.4363 2.0000
2 1 9.5000 4.5000 0.0000 0.4363 -2.0000
2 2 9.3032 4.4489 -0.0255 0.4363 -2.0000
2 3 9.1051 4.4029 -0.0510 0.4363 -2.0000
2 4 8.9059 4.3620 -0.0765 0.4363 -2.0000
2 5 8.7057 4.3261 -0.1020 0.4363 -2.0000
2 6 8.5047 4.2954 -0.1275 0.4363 -2.0000
2 7 8.3030 4.2697 -0.1531 0.4363 -2.0000
2 8 8.1006 4.2493 -0.1786 0.4363 -2.0000
2 9 7.8979 4.2340 -0.2041 0.4363 -2.0000
2 10 7.6947 4.2239 -0.2296 0.4363 -2.0000
2 11 7.4914 4.2190 -0.2551 0.4363 -2.0000
2 12 7.2881 4.2192 -0.2806 0.4363 -2.0000
2 13 7.0848 4.2247 -0.3061 0.4363 -2.0000
2 14 6.8817 4.2353 -0.3316 0.4363 -2.0000
2 15 6.6790 4.2511 -0.3571 0.4363 -2.0000
2 16 6.4767 4.2721 -0.3826 0.4363 -2.0000
2 17 6.2750 4.2982 -0.4081 0.4363 -2.0000
2 18 6.0741 4.3295 -0.4336 0.4363 -2.0000
2 19 5.8740 4.3659 -0.4592 0.4363 -2.0000
2 20 5.6749 4.4073 -0.4847 0.4363 -2.0000
2 21 5.4770 4.4538 -0.5102 0.4363 -2.0000
2 22 5.2803 4.5054 -0.5357 0.4363 -2.0000
2 23 5.0849 4.5620 -0.5612 0.4363 -2.0000
2 24 4.8911 4.6235 -0.5867 0.4363 -2.0000
2 25 4.6989 4.6900 -0.6122 0.4363 -2.0000
2 26 4.5085 4.7613 -0.6377 0.4363 -2.0000
2 27 4.3199 4.8375 -0.6632 0.4363 -2.0000
2 28 4.1334 4.9184 -0.6887 -0.4363 2.0000
2 29 4.2487 4.7509 -0.7142 0.4363 -2.0000
2 30 4.0665 4.8413 -0.7398 -0.4363 2.0000
2 31 4.1731 4.6681 -0.7653 0.4363 -2.0000
2 32 3.9957 4.7676 -0.7908 -0.4363 2.0000
2 33 4.0934 4.5892 -0.8163 0.4363 -2.0000
2 34 3.9213 4.6977 -0.8418 -0.4363 2.0000
2 35 4.0097 4.5145 -0.8673 0.4363 -2.0000
2 36 3.8435 4.6316 -0.8928 -0.4363 2.0000
2 37 3.9224 4.4442 -0.9183 0.4363 -2.0000
2 38 3.7623 4.5696 -0.9438 -0.4363 2.0000
2 39 3.8316 4.3784 -0.9693 0.4363 -2.0000
2 40 3.6781 4.5118 -0.9948 -0.4363 2.0000
2 41 3.7376 4.3173 -1.0203 0.4363 -2.0000
2 42 3.5911 4.4584 -1.0459 -0.4363 2.0000
2 43 3.6405 4.2611 -1.0714 -0.4363 2.0000
2 44 3.6849 4.0627 -1.0969 0.4363 -2.0000
2 45 3.5497 4.2145 -1.1224 -0.4363 2.0000
2 46 3.5839 4.0141 -1.1479 0.4363 -2.0000
2 47 3.4566 4.1726 -1.1734 -0.4363 2.0000
2 48 3.4805 3.9707 -1.1989 -0.4363 2.0000
2 49 3.4993 3.7682 -1.2244 0.4363 -2.0000
2 50 3.3845 3.9360 -1.2499 -0.4363 2.0000
2 51 3.3929 3.7328 -1.2754 0.4363 -2.0000
2 52 3.2868 3.9063 -1.3009 -0.4363 2.0000
2 53 3.2848 3.7029 -1.3264 -0.4363 2.0000
3 1 9.0000 4.0000 0.0000 0.4363 -2.0000
3 2 8.8032 3.9489 -0.0255 0.4363 -2.0000
3 3 8.6051 3.9029 -0.0510 0.4363 -2.0000
3 4 8.4059 3.8620 -0.0765 0.4363 -2.0000
3 5 8.2057 3.8261 -0.1020 0.4363 -2.0000
3 6 8.0047 3.7954 -0.1275 0.4363 -2.0000
3 7 7.8030 3.7697 -0.1531 0.4363 -2.0000
3 8 7.6006 3.7493 -0.1786 0.4363 -2.0000
3 9 7.3979 3.7340 -0.2041 0.4363 -2.0000
3 10 7.1947 3.7239 -0.2296 0.4363 -2.0000
3 11 6.9914 3.7190 -0.2551 0.4363 -2.0000
3 12 6.7881 3.7192 -0.2806 0.4363 -2.0000
3 13 6.5848 3.7247 -0.3061 0.4363 -2.0000
3 14 6.3817 3.7353 -0.3316 0.4363 -2.0000
3 15 6.1790 3.7511 -0.3571 0.4363 -2.0000
3 16 5.9767 3.7721 -0.3826 0.4363 -2.0000
3 17 5.7750 3.7982 -0.4081 0.4363 -2.0000
3 18 5.5741 3.8295 -0.4336 0.4363 -2.0000
3 19 5.3740 3.8659 -0.4592 0.4363 -2.0000
3 20 5.1749 3.9073 -0.4847 0.4363 -2.0000
3 21 4.9770 3.9538 -0.5102 0.4363 -2.0000
3 22 4.7803 4.0054 -0.5357 0.4363 -2.0000
3 23 4.5849 4.0620 -0.5612 0.4363 -2.0000
3 24 4.3911 4.1235 -0.5867 0.4363 -2.0000
3 25 4.1989 4.1900 -0.6122 0.4363 -2.0000
3 26 4.0085 4.2613 -0.6377 0.4363 -2.0000
3 27 3.8199 4.3375 -0.6632 0.4363 -2.0000
3 28 3.6334 4.4184 -0.6887 -0.4363 2.0000
3 29 3.7487 4.2509 -0.7142 0.4363 -2.0000
3 30 3.5665 4.3413 -0.7398 -0.4363 2.0000
3 31 3.6731 4.1681 -0.7653 0.4363 -2.0000
3 32 3.4957 4.2676 -0.7908 -0.4363 2.0000
3 33 3.5934 4.0892 -0.8163 0.4363 -2.0000
3 34 3.4213 4.1977 -0.8418 -0.4363 2.0000
3 35 3.5097 4.0145 -0.8673 0.4363 -2.0000
3 36 3.3435 4.1316 -0.8928 -0.4363 2.0000
3 37 3.4224 3.9442 -0.9183 -0.4363 2.0000
3 38 3.4966 3.7548 -0.9438 0.4363 -2.0000
3 39 3.3397 3.8843 -0.9693 -0.4363 2.0000
3 40 3.4041 3.6914 -0.9948 0.4363 -2.0000
3 41 3.2541 3.8287 -1.0203 -0.4363 2.0000
3 42 3.3085 3.6327 -1.0459 0.4363 -2.0000
3 43 3.1657 3.7775 -1.0714 -0.4363 2.0000
3 44 3.2101 3.5790 -1.0969 0.4363 -2.0000
3 45 3.0748 3.7309 -1.1224 -0.4363 2.0000
3 46 3.1091 3.5304 -1.1479 -0.4363 2.0000
4 1 8.5000 3.5000 0.0000 0.4363 -2.0000
4 2 8.3032 3.4489 -0.0255 0.4363 -2.0000
4 3 8.1051 3.4029 -0.0510 0.4363 -2.0000
4 4 7.9059 3.3620 -0.0765 0.4363 -2.0000
4 5 7.7057 3.3261 -0.1020 0.4363 -2.0000
4 6 7.5047 3.2954 -0.1275 0.4363 -2.0000
4 7 7.3030 3.2697 -0.1531 0.4363 -2.0000
4 8 7.1006 3.2493 -0.1786 0.4363 -2.0000
4 9 6.8979 3.2340 -0.2041 0.4363 -2.0000
4 10 6.6947 3.2239 -0.2296 0.4363 -2.0000
4 11 6.4914 3.2190 -0.2551 0.4363 -2.0000
4 12 6.2881 3.2192 -0.2806 0.4363 -2.0000
4 13 6.0848 3.2247 -0.3061 0.4363 -2.0000
4 14 5.8817 3.2353 -0.3316 0.4363 -2.0000
4 15 5.6790 3.2511 -0.3571 0.4363 -2.0000
4 16 5.4767 3.2721 -0.3826 0.4363 -2.0000
4 17 5.2750 3.2982 -0.4081 0.4363 -2.0000
4 18 5.0741 3.3295 -0.4336 0.4363 -2.0000
4 19 4.8740 3.3659 -0.4592 0.4363 -2.0000
4 20 4.6749 3.4073 -0.4847 0.4363 -2.0000
4 21 4.4770 3.4538 -0.5102 0.4363 -2.0000
4 22 4.2803 3.5054 -0.5357 0.4363 -2.0000
4 23 4.0849 3.5620 -0.5612 0.4363 -2.0000
4 24 3.8911 3.6235 -0.5867 0.4363 -2.0000
4 25 3.6989 3.6900 -0.6122 0.4363 -2.0000
4 26 3.5085 3.7613 -0.6377 0.4363 -2.0000
4 27 3.3199 3.8375 -0.6632 0.4363 -2.0000
4 28 3.1334 3.9184 -0.6887 -0.4363 2.0000
4 29 3.2487 3.7509 -0.7142 0.4363 -2.0000
4 30 3.0665 3.8413 -0.7398 -0.4363 2.0000
4 31 3.1731 3.6681 -0.7653 -0.4363 2.0000
