1 1 10.0000 5.0000 0.0000 -0.2618 -2.0000
1 2 9.8012 5.0317 0.0158 -0.2618 -2.0000
1 3 9.6019 5.0602 0.0317 -0.2618 -2.0000
1 4 9.4022 5.0856 0.0475 -0.2618 -2.0000
1 5 9.2022 5.1078 0.0634 -0.2618 -2.0000
1 6 9.0018 5.1269 0.0792 -0.2618 -2.0000
1 7 8.8011 5.1427 0.0950 -0.2618 -2.0000
1 8 8.6002 5.1554 0.1109 -0.2618 -2.0000
1 9 8.3991 5.1649 0.1267 -0.2618 -2.0000
1 10 8.1979 5.1712 0.1426 -0.2618 -2.0000
1 11 7.9966 5.1744 0.1584 -0.2618 -2.0000
1 12 7.7953 5.1743 0.1743 -0.2618 -2.0000
1 13 7.5941 5.1710 0.1901 -0.2618 -2.0000
1 14 7.3929 5.1646 0.2059 -0.2618 -2.0000
1 15 7.1918 5.1550 0.2218 -0.2618 -2.0000
1 16 6.9909 5.1422 0.2376 -0.2618 -2.0000
1 17 6.7902 5.1262 0.2535 -0.2618 -2.0000
1 18 6.5899 5.1070 0.2693 -0.2618 -2.0000
1 19 6.3898 5.0847 0.2851 -0.2618 -2.0000
1 20 6.1901 5.0592 0.3010 -0.2618 -2.0000
1 21 5.9909 5.0305 0.3168 -0.2618 -2.0000
1 22 5.7921 4.9987 0.3327 -0.2618 -2.0000
1 23 5.5939 4.9637 0.3485 -0.2618 -2.0000
1 24 5.3962 4.9256 0.3644 -0.2618 -2.0000
1 25 5.1992 4.8844 0.3802 -0.2618 -2.0000
1 26 5.0028 4.8400 0.3960 -0.2618 -2.0000
1 27 4.8072 4.7926 0.4119 -0.2618 -2.0000
1 28 4.6123 4.7421 0.4277 -0.2618 -2.0000
1 29 4.4183 4.6884 0.4436 -0.2618 -2.0000
1 30 4.2251 4.6318 0.4594 -0.2618 -2.0000
1 31 4.0329 4.5720 0.4752 -0.2618 -2.0000
1 32 3.8416 4.5092 0.4911 -0.2618 -2.0000
1 33 3.6514 4.4434 0.5069 -0.2618 -2.0000
1 34 3.4622 4.3746 0.5228 -0.2618 -2.0000
1 35 3.2741 4.3028 0.5386 -0.2618 -2.0000
1 36 3.0872 4.2281 0.5544 -0.2618 -2.0000
1 37 2.9015 4.1504 0.5703 -0.2618 -2.0000
1 38 2.7171 4.0697 0.5861 -0.2618 -2.0000
1 39 2.5340 3.9862 0.6020 -0.2618 -2.0000
1 40 2.3522 3.8997 0.6178 -0.2618 -2.0000
1 41 2.1718 3.8104 0.6337 -0.2618 -2.0000
1 42 1.9928 3.7182 0.6495 -0.2618 -2.0000
1 43 1.8153 3.6233 0.6653 -0.2618 -2.0000
1 44 1.6394 3.5255 0.6812 -0.2618 -2.0000
1 45 1.4650 3.4249 0.6970 -0.2618 -2.0000
1 46 1.2922 3.3216 0.7129 -0.2618 -2.0000
1 47 1.1211 3.2156 0.7287 -0.2618 -2.0000
1 48 0.9517 3.1068 0.7445 -0.2618 -2.0000
1 49 0.7840 2.9954 0.7604 -0.2618 -2.0000
1 50 0.6181 2.8814 0.7762 -0.2618 -2.0000
1 51 0.4541 2.7647 0.7921 -0.2618 -2.0000
1 52 0.2919 2.6455 0.8079 -0.2618 -2.0000
1 53 0.1316 2.5237 0.8237 -0.2618 -2.0000
1 54 -0.0267 2.3994 0.8396 -0.2618 -2.0000
1 55 -0.1830 2.2726 0.8554 -0.2618 -2.0000
1 56 -0.3373 2.1433 0.8713 -0.2618 -2.0000
1 57 -0.4896 2.0116 0.8871 -0.2618 -2.0000
1 58 -0.6397 1.8775 0.9030 -0.2618 -2.0000
1 59 -0.7877 1.7411 0.9188 -0.2618 -2.0000
1 60 -0.9335 1.6023 0.9346 -0.2618 -2.0000
1 61 -1.0771 1.4612 0.9505 -0.2618 -2.0000
1 62 -1.2185 1.3179 0.9663 -0.2618 -2.0000
1 63 -1.3575 1.1723 0.9822 -0.2618 -2.0000
1 64 -1.4943 1.0246 0.9980 -0.2618 -2.0000
2 1 9.5000 4.5000 0.0000 -0.2618 -2.0000
2 2 9.3012 4.5317 0.0158 -0.2618 -2.0000
2 3 9.1019 4.5602 0.0317 -0.2618 -2.0000
2 4 8.9022 4.5856 0.0475 -0.2618 -2.0000
2 5 8.7022 4.6078 0.0634 -0.2618 -2.0000
2 6 8.5018 4.6269 0.0792 -0.2618 -2.0000
2 7 8.3011 4.6427 0.0950 -0.2618 -2.0000
2 8 8.1002 4.6554 0.1109 -0.2618 -2.0000
2 9 7.8991 4.6649 0.1267 -0.2618 -2.0000
2 10 7.6979 4.6712 0.1426 -0.2618 -2.0000
2 11 7.4966 4.6744 0.1584 -0.2618 -2.0000
2 12 7.2953 4.6743 0.1743 -0.2618 -2.0000
2 13 7.0941 4.6710 0.1901 -0.2618 -2.0000
2 14 6.8929 4.6646 0.2059 -0.2618 -2.0000
2 15 6.6918 4.6550 0.2218 -0.2618 -2.0000
2 16 6.4909 4.6422 0.2376 -0.2618 -2.0000
2 17 6.2902 4.6262 0.2535 -0.2618 -2.0000
2 18 6.0899 4.6070 0.2693 -0.2618 -2.0000
2 19 5.8898 4.5847 0.2851 -0.2618 -2.0000
2 20 5.6901 4.5592 0.3010 -0.2618 -2.0000
2 21 5.4909 4.5305 0.3168 -0.2618 -2.0000
2 22 5.2921 4.4987 0.3327 -0.2618 -2.0000
2 23 5.0939 4.4637 0.3485 -0.2618 -2.0000
2 24 4.8962 4.4256 0.3644 -0.2618 -2.0000
2 25 4.6992 4.3844 0.3802 -0.2618 -2.0000
2 26 4.5028 4.3400 0.3960 -0.2618 -2.0000
2 27 4.3072 4.2926 0.4119 -0.2618 -2.0000
2 28 4.1123 4.2421 0.4277 -0.2618 -2.0000
2 29 3.9183 4.1884 0.4436 -0.2618 -2.0000
2 30 3.7251 4.1318 0.4594 -0.2618 -2.0000
2 31 3.5329 4.0720 0.4752 -0.2618 -2.0000
2 32 3.3416 4.0092 0.4911 -0.2618 -2.0000
2 33 3.1514 3.9434 0.5069 -0.2618 -2.0000
2 34 2.9622 3.8746 0.5228 -0.2618 -2.0000
2 35 2.7741 3.8028 0.5386 -0.2618 -2.0000
2 36 2.5872 3.7281 0.5544 -0.2618 -2.0000
2 37 2.4015 3.6504 0.5703 -0.2618 -2.0000
2 38 2.2171 3.5697 0.5861 -0.2618 -2.0000
2 39 2.0340 3.4862 0.6020 -0.2618 -2.0000
2 40 1.8522 3.3997 0.6178 -0.2618 -2.0000
2 41 1.6718 3.3104 0.6337 -0.2618 -2.0000
2 42 1.4928 3.2182 0.6495 -0.2618 -2.0000
2 43 1.3153 3.1233 0.6653 -0.2618 -2.0000
2 44 1.1394 3.0255 0.6812 -0.2618 -2.0000
2 45 0.9650 2.9249 0.6970 -0.2618 -2.0000
2 46 0.7922 2.8216 0.7129 -0.2618 -2.0000
2 47 0.6211 2.7156 0.7287 -0.2618 -2.0000
2 48 0.4517 2.6068 0.7445 -0.2618 -2.0000
2 49 0.2840 2.4954 0.7604 -0.2618 -2.0000
2 50 0.1181 2.3814 0.7762 -0.2618 -2.0000
2 51 -0.0459 2.2647 0.7921 -0.2618 -2.0000
2 52 -0.2081 2.1455 0.8079 -0.2618 -2.0000
2 53 -0.3684 2.0237 0.8237 -0.2618 -2.0000
2 54 -0.5267 1.8994 0.8396 -0.2618 -2.0000
2 55 -0.6830 1.7726 0.8554 -0.2618 -2.0000
2 56 -0.8373 1.6433 0.8713 -0.2618 -2.0000
2 57 -0.9896 1.5116 0.8871 -0.2618 -2.0000
2 58 -1.1397 1.3775 0.9030 -0.2618 -2.0000
2 59 -1.2877 1.2411 0.9188 -0.2618 -2.0000
2 60 -1.4335 1.1023 0.9346 -0.2618 -2.0000
2 61 -1.5771 0.9612 0.9505 -0.2618 -2.0000
3 1 9.0000 4.0000 0.0000 -0.2618 -2.0000
3 2 8.8012 4.0317 0.0158 -0.2618 -2.0000
3 3 8.6019 4.0602 0.0317 -0.2618 -2.0000
3 4 8.4022 4.0856 0.0475 -0.2618 -2.0000
3 5 8.2022 4.1078 0.0634 -0.2618 -2.0000
3 6 8.0018 4.1269 0.0792 -0.2618 -2.0000
3 7 7.8011 4.1427 0.0950 -0.2618 -2.0000
3 8 7.6002 4.1554 0.1109 -0.2618 -2.0000
3 9 7.3991 4.1649 0.1267 -0.2618 -2.0000
3 10 7.1979 4.1712 0.1426 -0.2618 -2.0000
3 11 6.9966 4.1744 0.1584 -0.2618 -2.0000
3 12 6.7953 4.1743 0.1743 -0.2618 -2.0000
3 13 6.5941 4.1710 0.1901 -0.2618 -2.0000
3 14 6.3929 4.1646 0.2059 -0.2618 -2.0000
3 15 6.1918 4.1550 0.2218 -0.2618 -2.0000
3 16 5.9909 4.1422 0.2376 -0.2618 -2.0000
3 17 5.7902 4.1262 0.2535 -0.2618 -2.0000
3 18 5.5899 4.1070 0.2693 -0.2618 -2.0000
3 19 5.3898 4.0847 0.2851 -0.2618 -2.0000
3 20 5.1901 4.0592 0.3010 -0.2618 -2.0000
3 21 4.9909 4.0305 0.3168 -0.2618 -2.0000
3 22 4.7921 3.9987 0.3327 -0.2618 -2.0000
3 23 4.5939 3.9637 0.3485 -0.2618 -2.0000
3 24 4.3962 3.9256 0.3644 -0.2618 -2.0000
3 25 4.1992 3.8844 0.3802 -0.2618 -2.0000
3 26 4.0028 3.8400 0.3960 -0.2618 -2.0000
3 27 3.8072 3.7926 0.4119 -0.2618 -2.0000
3 28 3.6123 3.7421 0.4277 -0.2618 -2.0000
3 29 3.4183 3.6884 0.4436 -0.2618 -2.0000
3 30 3.2251 3.6318 0.4594 -0.2618 -2.0000
3 31 3.0329 3.5720 0.4752 -0.2618 -2.0000
3 32 2.8416 3.5092 0.4911 -0.2618 -2.0000
3 33 2.6514 3.4434 0.5069 -0.2618 -2.0000
3 34 2.4622 3.3746 0.5228 -0.2618 -2.0000
3 35 2.2741 3.3028 0.5386 -0.2618 -2.0000
3 36 2.0872 3.2281 0.5544 -0.2618 -2.0000
3 37 1.9015 3.1504 0.5703 -0.2618 -2.0000
3 38 1.7171 3.0697 0.5861 -0.2618 -2.0000
3 39 1.5340 2.9862 0.6020 -0.2618 -2.0000
3 40 1.3522 2.8997 0.6178 -0.2618 -2.0000
3 41 1.1718 2.8104 0.6337 -0.2618 -2.0000
3 42 0.9928 2.7182 0.6495 -0.2618 -2.0000
3 43 0.8153 2.6233 0.6653 -0.2618 -2.0000
3 44 0.6394 2.5255 0.6812 -0.2618 -2.0000
3 45 0.4650 2.4249 0.6970 -0.2618 -2.0000
3 46 0.2922 2.3216 0.7129 -0.2618 -2.0000
3 47 0.1211 2.2156 0.7287 -0.2618 -2.0000
3 48 -0.0483 2.1068 0.7445 -0.2618 -2.0000
3 49 -0.2160 1.9954 0.7604 -0.2618 -2.0000
3 50 -0.3819 1.8814 0.7762 -0.2618 -2.0000
3 51 -0.5459 1.7647 0.7921 -0.2618 -2.0000
3 52 -0.7081 1.6455 0.8079 -0.2618 -2.0000
3 53 -0.8684 1.5237 0.8237 -0.2618 -2.0000
3 54 -1.0267 1.3994 0.8396 -0.2618 -2.0000
3 55 -1.1830 1.2726 0.8554 -0.2618 -2.0000
3 56 -1.3373 1.1433 0.8713 -0.2618 -2.0000
3 57 -1.4896 1.0116 0.8871 -0.2618 -2.0000
3 58 -1.6397 0.8775 0.9030 -0.2618 -2.0000
4 1 8.5000 3.5000 0.0000 -0.2618 -2.0000
4 2 8.3012 3.5317 0.0158 -0.2618 -2.0000
4 3 8.1019 3.5602 0.0317 -0.2618 -2.0000
4 4 7.9022 3.5856 0.0475 -0.2618 -2.0000
4 5 7.7022 3.6078 0.0634 -0.2618 -2.0000
4 6 7.5018 3.6269 0.0792 -0.2618 -2.0000
4 7 7.3011 3.6427 0.0950 -0.2618 -2.0000
4 8 7.1002 3.6554 0.1109 -0.2618 -2.0000
4 9 6.8991 3.6649 0.1267 -0.2618 -2.0000
4 10 6.6979 3.6712 0.1426 -0.2618 -2.0000
4 11 6.4966 3.6744 0.1584 -0.2618 -2.0000
4 12 6.2953 3.6743 0.1743 -0.2618 -2.0000
4 13 6.0941 3.6710 0.1901 -0.2618 -2.0000
4 14 5.8929 3.6646 0.2059 -0.2618 -2.0000
4 15 5.6918 3.6550 0.2218 -0.2618 -2.0000
4 16 5.4909 3.6422 0.2376 -0.2618 -2.0000
4 17 5.2902 3.6262 0.2535 -0.2618 -2.0000
4 18 5.0899 3.6070 0.2693 -0.2618 -2.0000
4 19 4.8898 3.5847 0.2851 -0.2618 -2.0000
4 20 4.6901 3.5592 0.3010 -0.2618 -2.0000
4 21 4.4909 3.5305 0.3168 -0.2618 -2.0000
4 22 4.2921 3.4987 0.3327 -0.2618 -2.0000
4 23 4.0939 3.4637 0.3485 -0.2618 -2.0000
4 24 3.8962 3.4256 0.3644 -0.2618 -2.0000
4 25 3.6992 3.3844 0.3802 -0.2618 -2.0000
4 26 3.5028 3.3400 0.3960 -0.2618 -2.0000
4 27 3.3072 3.2926 0.4119 -0.2618 -2.0000
4 28 3.1123 3.2421 0.4277 -0.2618 -2.0000
4 29 2.9183 3.1884 0.4436 -0.2618 -2.0000
4 30 2.7251 3.1318 0.4594 -0.2618 -2.0000
4 31 2.5329 3.0720 0.4752 -0.2618 -2.0000
4 32 2.3416 3.0092 0.4911 -0.2618 -2.0000
4 33 2.1514 2.9434 0.5069 -0.2618 -2.0000
4 34 1.9622 2.8746 0.5228 -0.2618 -2.0000
4 35 1.7741 2.8028 0.5386 -0.2618 -2.0000
4 36 1.5872 2.7281 0.5544 -0.2618 -2.0000
4 37 1.4015 2.6504 0.5703 -0.2618 -2.0000
4 38 1.2171 2.5697 0.5861 -0.2618 -2.0000
4 39 1.0340 2.4862 0.6020 -0.2618 -2.0000
4 40 0.8522 2.3997 0.6178 -0.2618 -2.0000
4 41 0.6718 2.3104 0.6337 -0.2618 -2.0000
4 42 0.4928 2.2182 0.6495 -0.2618 -2.0000
4 43 0.3153 2.1233 0.6653 -0.2618 -2.0000
4 44 0.1394 2.0255 0.6812 -0.2618 -2.0000
4 45 -0.0350 1.9249 0.6970 -0.2618 -2.0000
4 46 -0.2078 1.8216 0.7129 -0.2618 -2.0000
4 47 -0.3789 1.7156 0.7287 -0.2618 -2.0000
4 48 -0.5483 1.6068 0.7445 -0.2618 -2.0000
4 49 -0.7160 1.4954 0.7604 -0.2618 -2.0000
4 50 -0.8819 1.3814 0.7762 -0.2618 -2.0000
4 51 -1.0459 1.2647 0.7921 -0.2618 -2.0000
4 52 -1.2081 1.1455 0.8079 -0.2618 -2.0000
4 53 -1.3684 1.0237 0.8237 -0.2618 -2.0000
4 54 -1.5267 0.8994 0.8396 -0.2618 -2.0000
