1 1 10.0000 5.0000 0.0000 -0.2618 -2.0000
1 2 9.8012 5.0317 0.0158 -0.2618 -2.0000
1 3 9.6019 5.0602 0.0317 -0.2618 -2.0000
1 4 9.4022 5.0856 0.0475 -0.2618 -2.0000
1 5 9.2022 5.1078 0.0634 -0.2618 -2.0000
1 6 9.0018 5.1269 0.0792 -0.2618 -2.0000
1 7 8.8011 5.1427 0.0950 -0.2618 -2.0000
1 8 8.6002 5.1554 0.1109 -0.2618 -2.0000
1 9 8.3991 5.1649 0.1267 -0.2618 -2.0000
1 10 8.1979 5.1712 0.1426 -0.2618 -2.0000
1 11 7.9966 5.1744 0.1584 -0.2618 -2.0000
1 12 7.7953 5.1743 0.1743 -0.2618 -2.0000
1 13 7.5941 5.1710 0.1901 -0.2618 -2.0000
1 14 7.3929 5.1646 0.2059 -0.2618 -2.0000
1 15 7.1918 5.1550 0.2218 -0.2618 -2.0000
1 16 6.9909 5.1422 0.2376 -0.2618 -2.0000
1 17 6.7902 5.1262 0.2535 -0.2618 -2.0000
1 18 6.5899 5.1070 0.2693 -0.2618 -2.0000
1 19 6.3898 5.0847 0.2851 -0.2618 -2.0000
1 20 6.1901 5.0592 0.3010 -0.2618 -2.0000
1 21 5.9909 5.0305 0.3168 -0.2618 -2.0000
1 22 5.7921 4.9987 0.3327 -0.2618 -2.0000
1 23 5.5939 4.9637 0.3485 -0.2618 -2.0000
1 24 5.3962 4.9256 0.3644 -0.2618 -2.0000
1 25 5.1992 4.8844 0.3802 -0.2618 -2.0000
1 26 5.0028 4.8400 0.3960 -0.2618 -2.0000
1 27 4.8072 4.7926 0.4119 -0.2618 -2.0000
1 28 4.6123 4.7421 0.4277 -0.2618 -2.0000
1 29 4.4183 4.6884 0.4436 -0.2618 -2.0000
1 30 4.2251 4.6318 0.4594 -0.2618 -2.0000
1 31 4.0329 4.5720 0.4752 -0.2618 -2.0000
1 32 3.8416 4.5092 0.4911 -0.2618 -2.0000
1 33 3.6514 4.4434 0.5069 -0.2618 -2.0000
1 34 3.4622 4.3746 0.5228 -0.2618 -2.0000
1 35 3.2741 4.3028 0.5386 -0.2618 -2.0000
1 36 3.0872 4.2281 0.5544 -0.2618 -2.0000
1 37 2.9015 4.1504 0.5703 -0.2618 -2.0000
1 38 2.7171 4.0697 0.5861 -0.2618 -2.0000
1 39 2.5340 3.9862 0.6020 -0.2618 -2.0000
1 40 2.3522 3.8997 0.6178 -0.2618 -2.0000
1 41 2.1718 3.8104 0.6337 -0.2618 -2.0000
1 42 1.9928 3.7182 0.6495 -0.2618 -2.0000
1 43 1.8153 3.6233 0.6653 -0.2618 -2.0000
1 44 1.6394 3.5255 0.6812 -0.2618 -2.0000
1 45 1.4650 3.4249 0.6970 -0.2618 -2.0000
1 46 1.2922 3.3216 0.7129 -0.2618 -2.0000
1 47 1.1211 3.2156 0.7287 -0.2618 -2.0000
1 48 0.9517 3.1068 0.7445 -0.2618 -2.0000
1 49 0.7840 2.9954 0.7604 -0.2618 -2.0000
1 50 0.6181 2.8814 0.7762 -0.2618 -2.0000
1 51 0.4541 2.7647 0.7921 -0.2618 -2.0000
1 52 0.2919 2.6455 0.8079 -0.2618 -2.0000
1 53 0.1316 2.5237 0.8237 -0.2618 -2.0000
1 54 -0.0267 2.3994 0.8396 -0.2618 -2.0000
1 55 -0.1830 2.2726 0.8554 -0.2618 -2.0000
1 56 -0.3373 2.1433 0.8713 -0.2618 -2.0000
1 57 -0.4896 2.0116 0.8871 -0.6109 2.0000
1 58 -0.3091 2.1114 0.8521 -0.2618 -2.0000
1 59 -0.4638 1.9827 0.8679 -0.6109 2.0000
1 60 -0.2814 2.0791 0.8329 -0.2618 -2.0000
1 61 -0.4386 1.9533 0.8488 -0.6109 2.0000
1 62 -0.2544 2.0461 0.8138 -0.2618 -2.0000
1 63 -0.4140 1.9234 0.8296 -0.6109 2.0000
1 64 -0.2280 2.0127 0.7946 -0.2618 -2.0000
1 65 -0.3899 1.8930 0.8105 -0.6109 2.0000
1 66 -0.2023 1.9788 0.7754 -0.2618 -2.0000
1 67 -0.3664 1.8622 0.7913 -0.6109 2.0000
1 68 -0.1772 1.9444 0.7563 -0.2618 -2.0000
1 69 -0.3435 1.8310 0.7721 -0.6109 2.0000
1 70 -0.1528 1.9095 0.7371 -0.2618 -2.0000
1 71 -0.3213 1.7993 0.7530 -0.6109 2.0000
1 72 -0.1290 1.8741 0.7179 -0.2618 -2.0000
1 73 -0.2996 1.7672 0.7338 -0.2618 -2.0000
1 74 -0.4685 1.6576 0.7496 -0.6109 2.0000
1 75 -0.2760 1.7318 0.7146 -0.2618 -2.0000
1 76 -0.4469 1.6254 0.7305 -0.6109 2.0000
1 77 -0.2530 1.6959 0.6955 -0.2618 -2.0000
1 78 -0.4260 1.5929 0.7113 -0.6109 2.0000
1 79 -0.2308 1.6596 0.6763 -0.2618 -2.0000
1 80 -0.4056 1.5599 0.6921 -0.6109 2.0000
1 81 -0.2092 1.6229 0.6571 -0.2618 -2.0000
1 82 -0.3860 1.5265 0.6730 -0.6109 2.0000
1 83 -0.1884 1.5857 0.6380 -0.2618 -2.0000
1 84 -0.3669 1.4928 0.6538 -0.6109 2.0000
1 85 -0.1682 1.5482 0.6188 -0.2618 -2.0000
1 86 -0.3485 1.4587 0.6346 -0.6109 2.0000
1 87 -0.1488 1.5103 0.5996 -0.2618 -2.0000
1 88 -0.3308 1.4243 0.6155 -0.6109 2.0000
1 89 -0.1301 1.4720 0.5805 -0.2618 -2.0000
1 90 -0.3138 1.3895 0.5963 -0.6109 2.0000
1 91 -0.1122 1.4334 0.5613 -0.2618 -2.0000
1 92 -0.2974 1.3544 0.5771 -0.6109 2.0000
1 93 -0.0950 1.3944 0.5421 -0.2618 -2.0000
1 94 -0.2816 1.3190 0.5580 -0.6109 2.0000
1 95 -0.0786 1.3551 0.5230 -0.2618 -2.0000
1 96 -0.2666 1.2833 0.5388 -0.6109 2.0000
1 97 -0.0629 1.3155 0.5038 -0.2618 -2.0000
1 98 -0.2523 1.2473 0.5196 -0.6109 2.0000
1 99 -0.0479 1.2756 0.4846 -0.2618 -2.0000
1 100 -0.2386 1.2111 0.5005 -0.6109 2.0000
2 1 9.5000 4.5000 0.0000 -0.2618 -2.0000
2 2 9.3012 4.5317 0.0158 -0.2618 -2.0000
2 3 9.1019 4.5602 0.0317 -0.2618 -2.0000
2 4 8.9022 4.5856 0.0475 -0.2618 -2.0000
2 5 8.7022 4.6078 0.0634 -0.2618 -2.0000
2 6 8.5018 4.6269 0.0792 -0.2618 -2.0000
2 7 8.3011 4.6427 0.0950 -0.2618 -2.0000
2 8 8.1002 4.6554 0.1109 -0.2618 -2.0000
2 9 7.8991 4.6649 0.1267 -0.2618 -2.0000
2 10 7.6979 4.6712 0.1426 -0.2618 -2.0000
2 11 7.4966 4.6744 0.1584 -0.2618 -2.0000
2 12 7.2953 4.6743 0.1743 -0.2618 -2.0000
2 13 7.0941 4.6710 0.1901 -0.2618 -2.0000
2 14 6.8929 4.6646 0.2059 -0.2618 -2.0000
2 15 6.6918 4.6550 0.2218 -0.2618 -2.0000
2 16 6.4909 4.6422 0.2376 -0.2618 -2.0000
2 17 6.2902 4.6262 0.2535 -0.2618 -2.0000
2 18 6.0899 4.6070 0.2693 -0.2618 -2.0000
2 19 5.8898 4.5847 0.2851 -0.2618 -2.0000
2 20 5.6901 4.5592 0.3010 -0.2618 -2.0000
2 21 5.4909 4.5305 0.3168 -0.2618 -2.0000
2 22 5.2921 4.4987 0.3327 -0.2618 -2.0000
2 23 5.0939 4.4637 0.3485 -0.2618 -2.0000
2 24 4.8962 4.4256 0.3644 -0.2618 -2.0000
2 25 4.6992 4.3844 0.3802 -0.2618 -2.0000
2 26 4.5028 4.3400 0.3960 -0.2618 -2.0000
2 27 4.3072 4.2926 0.4119 -0.2618 -2.0000
2 28 4.1123 4.2421 0.4277 -0.2618 -2.0000
2 29 3.9183 4.1884 0.4436 -0.2618 -2.0000
2 30 3.7251 4.1318 0.4594 -0.2618 -2.0000
2 31 3.5329 4.0720 0.4752 -0.2618 -2.0000
2 32 3.3416 4.0092 0.4911 -0.2618 -2.0000
2 33 3.1514 3.9434 0.5069 -0.2618 -2.0000
2 34 2.9622 3.8746 0.5228 -0.2618 -2.0000
2 35 2.7741 3.8028 0.5386 -0.2618 -2.0000
2 36 2.5872 3.7281 0.5544 -0.2618 -2.0000
2 37 2.4015 3.6504 0.5703 -0.2618 -2.0000
2 38 2.2171 3.5697 0.5861 -0.2618 -2.0000
2 39 2.0340 3.4862 0.6020 -0.2618 -2.0000
2 40 1.8522 3.3997 0.6178 -0.2618 -2.0000
2 41 1.6718 3.3104 0.6337 -0.2618 -2.0000
2 42 1.4928 3.2182 0.6495 -0.2618 -2.0000
2 43 1.3153 3.1233 0.6653 -0.2618 -2.0000
2 44 1.1394 3.0255 0.6812 -0.2618 -2.0000
2 45 0.9650 2.9249 0.6970 -0.2618 -2.0000
2 46 0.7922 2.8216 0.7129 -0.2618 -2.0000
2 47 0.6211 2.7156 0.7287 -0.2618 -2.0000
2 48 0.4517 2.6068 0.7445 -0.2618 -2.0000
2 49 0.2840 2.4954 0.7604 -0.2618 -2.0000
2 50 0.1181 2.3814 0.7762 -0.2618 -2.0000
2 51 -0.0459 2.2647 0.7921 -0.2618 -2.0000
2 52 -0.2081 2.1455 0.8079 -0.2618 -2.0000
2 53 -0.3684 2.0237 0.8237 -0.6109 2.0000
2 54 -0.1819 2.1119 0.7887 -0.2618 -2.0000
2 55 -0.3445 1.9932 0.8046 -0.6109 2.0000
2 56 -0.1564 2.0778 0.7696 -0.2618 -2.0000
2 57 -0.3212 1.9623 0.7854 -0.2618 -2.0000
2 58 -0.4842 1.8441 0.8013 -0.6109 2.0000
2 59 -0.2958 1.9281 0.7663 -0.2618 -2.0000
2 60 -0.4610 1.8131 0.7821 -0.6109 2.0000
2 61 -0.2710 1.8935 0.7471 -0.2618 -2.0000
2 62 -0.4384 1.7816 0.7629 -0.6109 2.0000
2 63 -0.2469 1.8583 0.7279 -0.2618 -2.0000
2 64 -0.4164 1.7497 0.7438 -0.6109 2.0000
2 65 -0.2235 1.8228 0.7088 -0.2618 -2.0000
2 66 -0.3950 1.7174 0.7246 -0.6109 2.0000
2 67 -0.2007 1.7868 0.6896 -0.2618 -2.0000
2 68 -0.3743 1.6847 0.7054 -0.6109 2.0000
2 69 -0.1787 1.7503 0.6704 -0.2618 -2.0000
2 70 -0.3542 1.6516 0.6863 -0.6109 2.0000
2 71 -0.1574 1.7135 0.6513 -0.2618 -2.0000
2 72 -0.3347 1.6182 0.6671 -0.6109 2.0000
2 73 -0.1367 1.6762 0.6321 -0.2618 -2.0000
2 74 -0.3158 1.5843 0.6479 -0.6109 2.0000
2 75 -0.1168 1.6386 0.6129 -0.2618 -2.0000
2 76 -0.2977 1.5501 0.6288 -0.6109 2.0000
2 77 -0.0976 1.6005 0.5938 -0.2618 -2.0000
2 78 -0.2801 1.5156 0.6096 -0.6109 2.0000
2 79 -0.0792 1.5621 0.5746 -0.2618 -2.0000
2 80 -0.2633 1.4807 0.5904 -0.6109 2.0000
2 81 -0.0615 1.5234 0.5554 -0.2618 -2.0000
2 82 -0.2471 1.4455 0.5713 -0.2618 -2.0000
2 83 -0.4314 1.3647 0.5871 -0.6109 2.0000
2 84 -0.2295 1.4067 0.5521 -0.2618 -2.0000
2 85 -0.4154 1.3295 0.5679 -0.6109 2.0000
2 86 -0.2127 1.3676 0.5329 -0.2618 -2.0000
2 87 -0.4000 1.2939 0.5488 -0.6109 2.0000
2 88 -0.1966 1.3282 0.5138 -0.2618 -2.0000
2 89 -0.3853 1.2581 0.5296 -0.6109 2.0000
2 90 -0.1812 1.2884 0.4946 -0.2618 -2.0000
2 91 -0.3713 1.2220 0.5105 -0.6109 2.0000
2 92 -0.1667 1.2484 0.4754 -0.2618 -2.0000
2 93 -0.3579 1.1856 0.4913 -0.6109 2.0000
2 94 -0.1529 1.2081 0.4563 -0.2618 -2.0000
2 95 -0.3453 1.1490 0.4721 -0.6109 2.0000
2 96 -0.1399 1.1676 0.4371 -0.2618 -2.0000
2 97 -0.3334 1.1121 0.4530 -0.6109 2.0000
2 98 -0.1276 1.1268 0.4179 -0.2618 -2.0000
2 99 -0.3222 1.0751 0.4338 -0.6109 2.0000
2 100 -0.1162 1.0858 0.3988 -0.2618 -2.0000
3 1 9.0000 4.0000 0.0000 -0.2618 -2.0000
3 2 8.8012 4.0317 0.0158 -0.2618 -2.0000
3 3 8.6019 4.0602 0.0317 -0.2618 -2.0000
3 4 8.4022 4.0856 0.0475 -0.2618 -2.0000
3 5 8.2022 4.1078 0.0634 -0.2618 -2.0000
3 6 8.0018 4.1269 0.0792 -0.2618 -2.0000
3 7 7.8011 4.1427 0.0950 -0.2618 -2.0000
3 8 7.6002 4.1554 0.1109 -0.2618 -2.0000
3 9 7.3991 4.1649 0.1267 -0.2618 -2.0000
3 10 7.1979 4.1712 0.1426 -0.2618 -2.0000
3 11 6.9966 4.1744 0.1584 -0.2618 -2.0000
3 12 6.7953 4.1743 0.1743 -0.2618 -2.0000
3 13 6.5941 4.1710 0.1901 -0.2618 -2.0000
3 14 6.3929 4.1646 0.2059 -0.2618 -2.0000
3 15 6.1918 4.1550 0.2218 -0.2618 -2.0000
3 16 5.9909 4.1422 0.2376 -0.2618 -2.0000
3 17 5.7902 4.1262 0.2535 -0.2618 -2.0000
3 18 5.5899 4.1070 0.2693 -0.2618 -2.0000
3 19 5.3898 4.0847 0.2851 -0.2618 -2.0000
3 20 5.1901 4.0592 0.3010 -0.2618 -2.0000
3 21 4.9909 4.0305 0.3168 -0.2618 -2.0000
3 22 4.7921 3.9987 0.3327 -0.2618 -2.0000
3 23 4.5939 3.9637 0.3485 -0.2618 -2.0000
3 24 4.3962 3.9256 0.3644 -0.2618 -2.0000
3 25 4.1992 3.8844 0.3802 -0.2618 -2.0000
3 26 4.0028 3.8400 0.3960 -0.2618 -2.0000
3 27 3.8072 3.7926 0.4119 -0.2618 -2.0000
3 28 3.6123 3.7421 0.4277 -0.2618 -2.0000
3 29 3.4183 3.6884 0.4436 -0.2618 -2.0000
3 30 3.2251 3.6318 0.4594 -0.2618 -2.0000
3 31 3.0329 3.5720 0.4752 -0.2618 -2.0000
3 32 2.8416 3.5092 0.4911 -0.2618 -2.0000
3 33 2.6514 3.4434 0.5069 -0.2618 -2.0000
3 34 2.4622 3.3746 0.5228 -0.2618 -2.0000
3 35 2.2741 3.3028 0.5386 -0.2618 -2.0000
3 36 2.0872 3.2281 0.5544 -0.2618 -2.0000
3 37 1.9015 3.1504 0.5703 -0.2618 -2.0000
3 38 1.7171 3.0697 0.5861 -0.2618 -2.0000
3 39 1.5340 2.9862 0.6020 -0.2618 -2.0000
3 40 1.3522 2.8997 0.6178 -0.2618 -2.0000
3 41 1.1718 2.8104 0.6337 -0.2618 -2.0000
3 42 0.9928 2.7182 0.6495 -0.2618 -2.0000
3 43 0.8153 2.6233 0.6653 -0.2618 -2.0000
3 44 0.6394 2.5255 0.6812 -0.2618 -2.0000
3 45 0.4650 2.4249 0.6970 -0.2618 -2.0000
3 46 0.2922 2.3216 0.7129 -0.2618 -2.0000
3 47 0.1211 2.2156 0.7287 -0.2618 -2.0000
3 48 -0.0483 2.1068 0.7445 -0.2618 -2.0000
3 49 -0.2160 1.9954 0.7604 -0.2618 -2.0000
3 50 -0.3819 1.8814 0.7762 -0.6109 2.0000
3 51 -0.1914 1.9606 0.7412 -0.2618 -2.0000
3 52 -0.3594 1.8498 0.7571 -0.6109 2.0000
3 53 -0.1675 1.9254 0.7221 -0.2618 -2.0000
3 54 -0.3376 1.8178 0.7379 -0.6109 2.0000
3 55 -0.1443 1.8897 0.7029 -0.2618 -2.0000
3 56 -0.3165 1.7854 0.7187 -0.6109 2.0000
3 57 -0.1218 1.8535 0.6837 -0.2618 -2.0000
3 58 -0.2959 1.7525 0.6996 -0.2618 -2.0000
3 59 -0.4684 1.6488 0.7154 -0.6109 2.0000
3 60 -0.2735 1.7163 0.6804 -0.2618 -2.0000
3 61 -0.4480 1.6159 0.6962 -0.6109 2.0000
3 62 -0.2518 1.6797 0.6612 -0.2618 -2.0000
3 63 -0.4282 1.5826 0.6771 -0.6109 2.0000
3 64 -0.2308 1.6426 0.6421 -0.2618 -2.0000
3 65 -0.4090 1.5490 0.6579 -0.6109 2.0000
3 66 -0.2105 1.6052 0.6229 -0.2618 -2.0000
3 67 -0.3905 1.5149 0.6387 -0.6109 2.0000
3 68 -0.1910 1.5673 0.6037 -0.2618 -2.0000
3 69 -0.3726 1.4806 0.6196 -0.6109 2.0000
3 70 -0.1721 1.5291 0.5846 -0.2618 -2.0000
3 71 -0.3554 1.4459 0.6004 -0.6109 2.0000
3 72 -0.1540 1.4906 0.5654 -0.2618 -2.0000
3 73 -0.3388 1.4109 0.5812 -0.6109 2.0000
3 74 -0.1367 1.4517 0.5462 -0.2618 -2.0000
3 75 -0.3230 1.3755 0.5621 -0.6109 2.0000
3 76 -0.1200 1.4125 0.5271 -0.2618 -2.0000
3 77 -0.3078 1.3399 0.5429 -0.6109 2.0000
3 78 -0.1042 1.3730 0.5079 -0.2618 -2.0000
3 79 -0.2933 1.3040 0.5237 -0.6109 2.0000
3 80 -0.0891 1.3331 0.4887 -0.2618 -2.0000
3 81 -0.2795 1.2678 0.5046 -0.6109 2.0000
3 82 -0.0748 1.2930 0.4696 -0.2618 -2.0000
3 83 -0.2664 1.2313 0.4854 -0.6109 2.0000
3 84 -0.0612 1.2527 0.4504 -0.2618 -2.0000
3 85 -0.2540 1.1946 0.4663 -0.6109 2.0000
3 86 -0.0484 1.2120 0.4312 -0.2618 -2.0000
3 87 -0.2423 1.1577 0.4471 -0.6109 2.0000
3 88 -0.0364 1.1712 0.4121 -0.2618 -2.0000
3 89 -0.2313 1.1206 0.4279 -0.6109 2.0000
3 90 -0.0252 1.1301 0.3929 -0.2618 -2.0000
3 91 -0.2210 1.0832 0.4088 -0.6109 2.0000
3 92 -0.0148 1.0888 0.3737 -0.2618 -2.0000
3 93 -0.2114 1.0457 0.3896 -0.6109 2.0000
3 94 -0.0052 1.0473 0.3546 -0.2618 -2.0000
3 95 -0.2026 1.0080 0.3704 -0.6109 2.0000
3 96 0.0037 1.0056 0.3354 -0.2618 -2.0000
3 97 -0.1945 0.9701 0.3513 -0.6109 2.0000
3 98 0.0117 0.9638 0.3162 -0.2618 -2.0000
3 99 -0.1871 0.9321 0.3321 -0.6109 2.0000
3 100 0.0189 0.9218 0.2971 -0.2618 -2.0000
4 1 8.5000 3.5000 0.0000 -0.2618 -2.0000
4 2 8.3012 3.5317 0.0158 -0.2618 -2.0000
4 3 8.1019 3.5602 0.0317 -0.2618 -2.0000
4 4 7.9022 3.5856 0.0475 -0.2618 -2.0000
4 5 7.7022 3.6078 0.0634 -0.2618 -2.0000
4 6 7.5018 3.6269 0.0792 -0.2618 -2.0000
4 7 7.3011 3.6427 0.0950 -0.2618 -2.0000
4 8 7.1002 3.6554 0.1109 -0.2618 -2.0000
4 9 6.8991 3.6649 0.1267 -0.2618 -2.0000
4 10 6.6979 3.6712 0.1426 -0.2618 -2.0000
4 11 6.4966 3.6744 0.1584 -0.2618 -2.0000
4 12 6.2953 3.6743 0.1743 -0.2618 -2.0000
4 13 6.0941 3.6710 0.1901 -0.2618 -2.0000
4 14 5.8929 3.6646 0.2059 -0.2618 -2.0000
4 15 5.6918 3.6550 0.2218 -0.2618 -2.0000
4 16 5.4909 3.6422 0.2376 -0.2618 -2.0000
4 17 5.2902 3.6262 0.2535 -0.2618 -2.0000
4 18 5.0899 3.6070 0.2693 -0.2618 -2.0000
4 19 4.8898 3.5847 0.2851 -0.2618 -2.0000
4 20 4.6901 3.5592 0.3010 -0.2618 -2.0000
4 21 4.4909 3.5305 0.3168 -0.2618 -2.0000
4 22 4.2921 3.4987 0.3327 -0.2618 -2.0000
4 23 4.0939 3.4637 0.3485 -0.2618 -2.0000
4 24 3.8962 3.4256 0.3644 -0.2618 -2.0000
4 25 3.6992 3.3844 0.3802 -0.2618 -2.0000
4 26 3.5028 3.3400 0.3960 -0.2618 -2.0000
4 27 3.3072 3.2926 0.4119 -0.2618 -2.0000
4 28 3.1123 3.2421 0.4277 -0.2618 -2.0000
4 29 2.9183 3.1884 0.4436 -0.2618 -2.0000
4 30 2.7251 3.1318 0.4594 -0.2618 -2.0000
4 31 2.5329 3.0720 0.4752 -0.2618 -2.0000
4 32 2.3416 3.0092 0.4911 -0.2618 -2.0000
4 33 2.1514 2.9434 0.5069 -0.2618 -2.0000
4 34 1.9622 2.8746 0.5228 -0.2618 -2.0000
4 35 1.7741 2.8028 0.5386 -0.2618 -2.0000
4 36 1.5872 2.7281 0.5544 -0.2618 -2.0000
4 37 1.4015 2.6504 0.5703 -0.2618 -2.0000
4 38 1.2171 2.5697 0.5861 -0.2618 -2.0000
4 39 1.0340 2.4862 0.6020 -0.2618 -2.0000
4 40 0.8522 2.3997 0.6178 -0.2618 -2.0000
4 41 0.6718 2.3104 0.6337 -0.2618 -2.0000
4 42 0.4928 2.2182 0.6495 -0.2618 -2.0000
4 43 0.3153 2.1233 0.6653 -0.2618 -2.0000
4 44 0.1394 2.0255 0.6812 -0.2618 -2.0000
4 45 -0.0350 1.9249 0.6970 -0.2618 -2.0000
4 46 -0.2078 1.8216 0.7129 -0.2618 -2.0000
4 47 -0.3789 1.7156 0.7287 -0.6109 2.0000
4 48 -0.1849 1.7857 0.6937 -0.2618 -2.0000
4 49 -0.3580 1.6830 0.7095 -0.6109 2.0000
4 50 -0.1627 1.7493 0.6745 -0.2618 -2.0000
4 51 -0.3378 1.6499 0.6904 -0.6109 2.0000
4 52 -0.1412 1.7126 0.6554 -0.2618 -2.0000
4 53 -0.3181 1.6165 0.6712 -0.6109 2.0000
4 54 -0.1204 1.6754 0.6362 -0.2618 -2.0000
4 55 -0.2992 1.5828 0.6520 -0.6109 2.0000
4 56 -0.1004 1.6378 0.6170 -0.2618 -2.0000
4 57 -0.2808 1.5486 0.6329 -0.6109 2.0000
4 58 -0.0810 1.5999 0.5979 -0.2618 -2.0000
4 59 -0.2632 1.5142 0.6137 -0.6109 2.0000
4 60 -0.0624 1.5616 0.5787 -0.2618 -2.0000
4 61 -0.2462 1.4794 0.5945 -0.2618 -2.0000
4 62 -0.4286 1.3943 0.6104 -0.6109 2.0000
4 63 -0.2277 1.4410 0.5754 -0.2618 -2.0000
4 64 -0.4117 1.3594 0.5912 -0.6109 2.0000
4 65 -0.2100 1.4023 0.5562 -0.2618 -2.0000
4 66 -0.3955 1.3243 0.5721 -0.6109 2.0000
4 67 -0.1930 1.3632 0.5370 -0.2618 -2.0000
4 68 -0.3800 1.2888 0.5529 -0.6109 2.0000
4 69 -0.1767 1.3239 0.5179 -0.2618 -2.0000
4 70 -0.3651 1.2530 0.5337 -0.6109 2.0000
4 71 -0.1612 1.2842 0.4987 -0.2618 -2.0000
4 72 -0.3509 1.2170 0.5146 -0.6109 2.0000
4 73 -0.1465 1.2442 0.4795 -0.2618 -2.0000
4 74 -0.3375 1.1806 0.4954 -0.6109 2.0000
4 75 -0.1325 1.2040 0.4604 -0.2618 -2.0000
4 76 -0.3247 1.1441 0.4762 -0.6109 2.0000
4 77 -0.1193 1.1635 0.4412 -0.2618 -2.0000
4 78 -0.3126 1.1073 0.4571 -0.6109 2.0000
4 79 -0.1069 1.1228 0.4221 -0.2618 -2.0000
4 80 -0.3013 1.0702 0.4379 -0.6109 2.0000
4 81 -0.0953 1.0818 0.4029 -0.2618 -2.0000
4 82 -0.2906 1.0330 0.4187 -0.6109 2.0000
4 83 -0.0845 1.0406 0.3837 -0.2618 -2.0000
4 84 -0.2807 0.9956 0.3996 -0.6109 2.0000
4 85 -0.0744 0.9992 0.3646 -0.2618 -2.0000
4 86 -0.2715 0.9580 0.3804 -0.6109 2.0000
4 87 -0.0652 0.9576 0.3454 -0.2618 -2.0000
4 88 -0.2630 0.9202 0.3612 -0.6109 2.0000
4 89 -0.0567 0.9159 0.3262 -0.2618 -2.0000
4 90 -0.2552 0.8822 0.3421 -0.6109 2.0000
4 91 -0.0491 0.8740 0.3071 -0.2618 -2.0000
4 92 -0.2481 0.8441 0.3229 -0.6109 2.0000
4 93 -0.0422 0.8320 0.2879 -0.2618 -2.0000
4 94 -0.2418 0.8059 0.3037 -0.6109 2.0000
4 95 -0.0362 0.7898 0.2687 -0.2618 -2.0000
4 96 -0.2363 0.7676 0.2846 -0.6109 2.0000
4 97 -0.0310 0.7476 0.2496 -0.2618 -2.0000
4 98 -0.2314 0.7292 0.2654 -0.6109 2.0000
4 99 -0.0265 0.7052 0.2304 -0.2618 -2.0000
4 100 -0.2273 0.6907 0.2462 -0.6109 2.0000
