1 1 10.0000 5.0000 0.0000 0.4363 -2.0000
1 2 9.8032 4.9489 -0.0255 0.4363 -2.0000
1 3 9.6051 4.9029 -0.0510 0.4363 2.0000
1 4 9.8032 4.9489 -0.0255 0.4363 -2.0000
1 5 9.6051 4.9029 -0.0510 0.4363 2.0000
1 6 9.8032 4.9489 -0.0255 0.4363 -2.0000
1 7 9.6051 4.9029 -0.0510 0.4363 2.0000
1 8 9.8032 4.9489 -0.0255 0.4363 -2.0000
1 9 9.6051 4.9029 -0.0510 0.4363 2.0000
1 10 9.8032 4.9489 -0.0255 0.4363 -2.0000
1 11 9.6051 4.9029 -0.0510 0.4363 2.0000
1 12 9.8032 4.9489 -0.0255 0.4363 -2.0000
1 13 9.6051 4.9029 -0.0510 0.4363 2.0000
1 14 9.8032 4.9489 -0.0255 0.4363 -2.0000
1 15 9.6051 4.9029 -0.0510 0.4363 2.0000
1 16 9.8032 4.9489 -0.0255 0.4363 -2.0000
1 17 9.6051 4.9029 -0.0510 0.4363 2.0000
1 18 9.8032 4.9489 -0.0255 0.4363 -2.0000
1 19 9.6051 4.9029 -0.0510 0.4363 2.0000
1 20 9.8032 4.9489 -0.0255 0.4363 -2.0000
1 21 9.6051 4.9029 -0.0510 0.4363 2.0000
1 22 9.8032 4.9489 -0.0255 0.4363 -2.0000
1 23 9.6051 4.9029 -0.0510 0.4363 2.0000
1 24 9.8032 4.9489 -0.0255 0.4363 -2.0000
1 25 9.6051 4.9029 -0.0510 0.4363 2.0000
1 26 9.8032 4.9489 -0.0255 0.4363 -2.0000
1 27 9.6051 4.9029 -0.0510 0.4363 2.0000
1 28 9.8032 4.9489 -0.0255 0.4363 -2.0000
1 29 9.6051 4.9029 -0.0510 0.4363 2.0000
1 30 9.8032 4.9489 -0.0255 0.4363 -2.0000
1 31 9.6051 4.9029 -0.0510 0.4363 2.0000
1 32 9.8032 4.9489 -0.0255 0.4363 -2.0000
1 33 9.6051 4.9029 -0.0510 0.4363 2.0000
1 34 9.8032 4.9489 -0.0255 0.4363 -2.0000
1 35 9.6051 4.9029 -0.0510 0.4363 2.0000
1 36 9.8032 4.9489 -0.0255 0.4363 -2.0000
1 37 9.6051 4.9029 -0.0510 0.4363 2.0000
1 38 9.8032 4.9489 -0.0255 0.4363 -2.0000
1 39 9.6051 4.9029 -0.0510 0.4363 2.0000
1 40 9.8032 4.9489 -0.0255 0.4363 -2.0000
1 41 9.6051 4.9029 -0.0510 0.4363 2.0000
1 42 9.8032 4.9489 -0.0255 0.4363 -2.0000
1 43 9.6051 4.9029 -0.0510 0.4363 2.0000
1 44 9.8032 4.9489 -0.0255 0.4363 -2.0000
1 45 9.6051 4.9029 -0.0510 0.4363 2.0000
1 46 9.8032 4.9489 -0.0255 0.4363 -2.0000
1 47 9.6051 4.9029 -0.0510 0.4363 2.0000
1 48 9.8032 4.9489 -0.0255 0.4363 -2.0000
1 49 9.6051 4.9029 -0.0510 0.4363 2.0000
1 50 9.8032 4.9489 -0.0255 0.4363 -2.0000
1 51 9.6051 4.9029 -0.0510 0.4363 2.0000
1 52 9.8032 4.9489 -0.0255 0.4363 -2.0000
1 53 9.6051 4.9029 -0.0510 0.4363 2.0000
1 54 9.8032 4.9489 -0.0255 0.4363 -2.0000
1 55 9.6051 4.9029 -0.0510 0.4363 2.0000
1 56 9.8032 4.9489 -0.0255 0.4363 -2.0000
1 57 9.6051 4.9029 -0.0510 0.4363 2.0000
1 58 9.8032 4.9489 -0.0255 0.4363 -2.0000
1 59 9.6051 4.9029 -0.0510 0.4363 2.0000
1 60 9.8032 4.9489 -0.0255 0.4363 -2.0000
1 61 9.6051 4.9029 -0.0510 0.4363 2.0000
1 62 9.8032 4.9489 -0.0255 0.4363 -2.0000
1 63 9.6051 4.9029 -0.0510 0.4363 2.0000
1 64 9.8032 4.9489 -0.0255 0.4363 -2.0000
1 65 9.6051 4.9029 -0.0510 0.4363 2.0000
1 66 9.8032 4.9489 -0.0255 0.4363 -2.0000
1 67 9.6051 4.9029 -0.0510 0.4363 2.0000
1 68 9.8032 4.9489 -0.0255 0.4363 -2.0000
1 69 9.6051 4.9029 -0.0510 0.4363 2.0000
1 70 9.8032 4.9489 -0.0255 0.4363 -2.0000
1 71 9.6051 4.9029 -0.0510 0.4363 2.0000
1 72 9.8032 4.9489 -0.0255 0.4363 -2.0000
1 73 9.6051 4.9029 -0.0510 0.4363 2.0000
1 74 9.8032 4.9489 -0.0255 0.4363 -2.0000
1 75 9.6051 4.9029 -0.0510 0.4363 2.0000
1 76 9.8032 4.9489 -0.0255 0.4363 -2.0000
1 77 9.6051 4.9029 -0.0510 0.4363 2.0000
1 78 9.8032 4.9489 -0.0255 0.4363 -2.0000
1 79 9.6051 4.9029 -0.0510 0.4363 2.0000
1 80 9.8032 4.9489 -0.0255 0.4363 -2.0000
1 81 9.6051 4.9029 -0.0510 0.4363 2.0000
1 82 9.8032 4.9489 -0.0255 0.4363 -2.0000
1 83 9.6051 4.9029 -0.0510 0.4363 2.0000
1 84 9.8032 4.9489 -0.0255 0.4363 -2.0000
1 85 9.6051 4.9029 -0.0510 0.4363 2.0000
1 86 9.8032 4.9489 -0.0255 0.4363 -2.0000
1 87 9.6051 4.9029 -0.0510 0.4363 2.0000
1 88 9.8032 4.9489 -0.0255 0.4363 -2.0000
1 89 9.6051 4.9029 -0.0510 0.4363 2.0000
1 90 9.8032 4.9489 -0.0255 0.4363 -2.0000
1 91 9.6051 4.9029 -0.0510 0.4363 2.0000
1 92 9.8032 4.9489 -0.0255 0.4363 -2.0000
1 93 9.6051 4.9029 -0.0510 0.4363 2.0000
1 94 9.8032 4.9489 -0.0255 0.4363 -2.0000
1 95 9.6051 4.9029 -0.0510 0.4363 2.0000
1 96 9.8032 4.9489 -0.0255 0.4363 -2.0000
1 97 9.6051 4.9029 -0.0510 0.4363 2.0000
1 98 9.8032 4.9489 -0.0255 0.4363 -2.0000
1 99 9.6051 4.9029 -0.0510 0.4363 2.0000
1 100 9.8032 4.9489 -0.0255 0.4363 -2.0000
2 1 9.5000 4.5000 0.0000 0.4363 -2.0000
2 2 9.3032 4.4489 -0.0255 0.4363 2.0000
2 3 9.5000 4.5000 0.0000 0.4363 -2.0000
2 4 9.3032 4.4489 -0.0255 0.4363 2.0000
2 5 9.5000 4.5000 0.0000 0.4363 -2.0000
2 6 9.3032 4.4489 -0.0255 0.4363 2.0000
2 7 9.5000 4.5000 0.0000 0.4363 -2.0000
2 8 9.3032 4.4489 -0.0255 0.4363 2.0000
2 9 9.5000 4.5000 0.0000 0.4363 -2.0000
2 10 9.3032 4.4489 -0.0255 0.4363 2.0000
2 11 9.5000 4.5000 0.0000 0.4363 -2.0000
2 12 9.3032 4.4489 -0.0255 0.4363 2.0000
2 13 9.5000 4.5000 0.0000 0.4363 -2.0000
2 14 9.3032 4.4489 -0.0255 0.4363 2.0000
2 15 9.5000 4.5000 0.0000 0.4363 -2.0000
2 16 9.3032 4.4489 -0.0255 0.4363 2.0000
2 17 9.5000 4.5000 0.0000 0.4363 -2.0000
2 18 9.3032 4.4489 -0.0255 0.4363 2.0000
2 19 9.5000 4.5000 0.0000 0.4363 -2.0000
2 20 9.3032 4.4489 -0.0255 0.4363 2.0000
2 21 9.5000 4.5000 0.0000 0.4363 -2.0000
2 22 9.3032 4.4489 -0.0255 0.4363 2.0000
2 23 9.5000 4.5000 0.0000 0.4363 -2.0000
2 24 9.3032 4.4489 -0.0255 0.4363 2.0000
2 25 9.5000 4.5000 0.0000 0.4363 -2.0000
2 26 9.3032 4.4489 -0.0255 0.4363 2.0000
2 27 9.5000 4.5000 0.0000 0.4363 -2.0000
2 28 9.3032 4.4489 -0.0255 0.4363 2.0000
2 29 9.5000 4.5000 0.0000 0.4363 -2.0000
2 30 9.3032 4.4489 -0.0255 0.4363 2.0000
2 31 9.5000 4.5000 0.0000 0.4363 -2.0000
2 32 9.3032 4.4489 -0.0255 0.4363 2.0000
2 33 9.5000 4.5000 0.0000 0.4363 -2.0000
2 34 9.3032 4.4489 -0.0255 0.4363 2.0000
2 35 9.5000 4.5000 0.0000 0.4363 -2.0000
2 36 9.3032 4.4489 -0.0255 0.4363 2.0000
2 37 9.5000 4.5000 0.0000 0.4363 -2.0000
2 38 9.3032 4.4489 -0.0255 0.4363 2.0000
2 39 9.5000 4.5000 0.0000 0.4363 -2.0000
2 40 9.3032 4.4489 -0.0255 0.4363 2.0000
2 41 9.5000 4.5000 0.0000 0.4363 -2.0000
2 42 9.3032 4.4489 -0.0255 0.4363 2.0000
2 43 9.5000 4.5000 0.0000 0.4363 -2.0000
2 44 9.3032 4.4489 -0.0255 0.4363 2.0000
2 45 9.5000 4.5000 0.0000 0.4363 -2.0000
2 46 9.3032 4.4489 -0.0255 0.4363 2.0000
2 47 9.5000 4.5000 0.0000 0.4363 -2.0000
2 48 9.3032 4.4489 -0.0255 0.4363 2.0000
2 49 9.5000 4.5000 0.0000 0.4363 -2.0000
2 50 9.3032 4.4489 -0.0255 0.4363 2.0000
2 51 9.5000 4.5000 0.0000 0.4363 -2.0000
2 52 9.3032 4.4489 -0.0255 0.4363 2.0000
2 53 9.5000 4.5000 0.0000 0.4363 -2.0000
2 54 9.3032 4.4489 -0.0255 0.4363 2.0000
2 55 9.5000 4.5000 0.0000 0.4363 -2.0000
2 56 9.3032 4.4489 -0.0255 0.4363 2.0000
2 57 9.5000 4.5000 0.0000 0.4363 -2.0000
2 58 9.3032 4.4489 -0.0255 0.4363 2.0000
2 59 9.5000 4.5000 0.0000 0.4363 -2.0000
2 60 9.3032 4.4489 -0.0255 0.4363 2.0000
2 61 9.5000 4.5000 0.0000 0.4363 -2.0000
2 62 9.3032 4.4489 -0.0255 0.4363 2.0000
2 63 9.5000 4.5000 0.0000 0.4363 -2.0000
2 64 9.3032 4.4489 -0.0255 0.4363 2.0000
2 65 9.5000 4.5000 0.0000 0.4363 -2.0000
2 66 9.3032 4.4489 -0.0255 0.4363 2.0000
2 67 9.5000 4.5000 0.0000 0.4363 -2.0000
2 68 9.3032 4.4489 -0.0255 0.4363 2.0000
2 69 9.5000 4.5000 0.0000 0.4363 -2.0000
2 70 9.3032 4.4489 -0.0255 0.4363 2.0000
2 71 9.5000 4.5000 0.0000 0.4363 -2.0000
2 72 9.3032 4.4489 -0.0255 0.4363 2.0000
2 73 9.5000 4.5000 0.0000 0.4363 -2.0000
2 74 9.3032 4.4489 -0.0255 0.4363 2.0000
2 75 9.5000 4.5000 0.0000 0.4363 -2.0000
2 76 9.3032 4.4489 -0.0255 0.4363 2.0000
2 77 9.5000 4.5000 0.0000 0.4363 -2.0000
2 78 9.3032 4.4489 -0.0255 0.4363 2.0000
2 79 9.5000 4.5000 0.0000 0.4363 -2.0000
2 80 9.3032 4.4489 -0.0255 0.4363 2.0000
2 81 9.5000 4.5000 0.0000 0.4363 -2.0000
2 82 9.3032 4.4489 -0.0255 0.4363 2.0000
2 83 9.5000 4.5000 0.0000 0.4363 -2.0000
2 84 9.3032 4.4489 -0.0255 0.4363 2.0000
2 85 9.5000 4.5000 0.0000 0.4363 -2.0000
2 86 9.3032 4.4489 -0.0255 0.4363 2.0000
2 87 9.5000 4.5000 0.0000 0.4363 -2.0000
2 88 9.3032 4.4489 -0.0255 0.4363 2.0000
2 89 9.5000 4.5000 0.0000 0.4363 -2.0000
2 90 9.3032 4.4489 -0.0255 0.4363 2.0000
2 91 9.5000 4.5000 0.0000 0.4363 -2.0000
2 92 9.3032 4.4489 -0.0255 0.4363 2.0000
2 93 9.5000 4.5000 0.0000 0.4363 -2.0000
2 94 9.3032 4.4489 -0.0255 0.4363 2.0000
2 95 9.5000 4.5000 0.0000 0.4363 -2.0000
2 96 9.3032 4.4489 -0.0255 0.4363 2.0000
2 97 9.5000 4.5000 0.0000 0.4363 -2.0000
2 98 9.3032 4.4489 -0.0255 0.4363 2.0000
2 99 9.5000 4.5000 0.0000 0.4363 -2.0000
2 100 9.3032 4.4489 -0.0255 0.4363 2.0000
3 1 9.0000 4.0000 0.0000 -0.4363 -2.0000
3 2 8.8032 4.0511 0.0255 -0.4363 -2.0000
3 3 8.6051 4.0971 0.0510 0.4363 -2.0000
3 4 8.4111 4.0361 0.0255 -0.7854 -2.0000
3 5 8.2188 4.1209 0.0703 -0.7854 -2.0000
3 6 8.0230 4.1971 0.1150 -0.7854 -2.0000
3 7 7.8239 4.2645 0.1598 -0.7854 -2.0000
3 8 7.6220 4.3229 0.2045 -0.7854 -2.0000
3 9 7.4177 4.3721 0.2493 0.4363 -2.0000
3 10 7.2395 4.2741 0.2238 0.4363 -2.0000
3 11 7.0589 4.1806 0.1983 -0.7854 -2.0000
3 12 6.8549 4.2312 0.2431 -0.7854 -2.0000
3 13 6.6489 4.2726 0.2878 -0.7854 -2.0000
3 14 6.4412 4.3047 0.3326 0.4363 -2.0000
3 15 6.2718 4.1922 0.3071 0.4363 -2.0000
3 16 6.0996 4.0840 0.2816 0.4363 -2.0000
3 17 5.9247 3.9803 0.2560 0.4363 -2.0000
3 18 5.7472 3.8810 0.2305 0.4363 -2.0000
3 19 5.5673 3.7863 0.2050 0.4363 -2.0000
3 20 5.3849 3.6963 0.1795 0.4363 -2.0000
3 21 5.2004 3.6109 0.1540 0.4363 -2.0000
3 22 5.0137 3.5302 0.1285 0.4363 -2.0000
3 23 4.8250 3.4544 0.1030 -0.6109 -2.0000
3 24 4.6248 3.5042 0.1380 -0.6109 -2.0000
3 25 4.4230 3.5469 0.1730 -0.6109 -2.0000
3 26 4.2199 3.5826 0.2080 -0.6109 -2.0000
3 27 4.0156 3.6112 0.2430 -0.6109 -2.0000
3 28 3.8104 3.6326 0.2780 -0.6109 -2.0000
3 29 3.6046 3.6468 0.3130 0.2618 2.0000
3 30 3.7825 3.7410 0.3289 -0.6109 -2.0000
3 31 3.5763 3.7447 0.3639 0.2618 2.0000
3 32 3.7492 3.8478 0.3797 0.2618 2.0000
3 33 3.9204 3.9536 0.3956 0.0873 2.0000
3 34 4.1001 4.0419 0.4011 0.0873 2.0000
3 35 4.2792 4.1311 0.4067 0.0873 2.0000
3 36 4.4579 4.2214 0.4122 0.6109 -2.0000
3 37 4.3082 4.0794 0.3772 0.0873 2.0000
3 38 4.4895 4.1643 0.3828 0.6109 -2.0000
3 39 4.3357 4.0268 0.3477 0.0873 2.0000
3 40 4.5194 4.1064 0.3533 0.6109 -2.0000
3 41 4.3616 3.9735 0.3183 0.6109 -2.0000
3 42 4.1993 3.8462 0.2833 -0.6109 -2.0000
3 43 3.9935 3.8593 0.3183 -0.6109 -2.0000
3 44 3.7873 3.8652 0.3533 0.0873 2.0000
3 45 3.9705 3.9457 0.3588 0.0873 2.0000
3 46 4.1533 4.0273 0.3644 0.0873 2.0000
3 47 4.3356 4.1099 0.3699 0.0873 2.0000
3 48 4.5175 4.1936 0.3755 0.6109 -2.0000
3 49 4.3627 4.0572 0.3405 0.0873 2.0000
3 50 4.5470 4.1354 0.3460 0.6109 -2.0000
3 51 4.3883 4.0036 0.3110 0.6109 -2.0000
3 52 4.2250 3.8775 0.2760 -0.6109 -2.0000
3 53 4.0193 3.8921 0.3110 0.0873 2.0000
3 54 4.2057 3.9649 0.3166 0.0873 2.0000
3 55 4.3918 4.0387 0.3221 0.6109 -2.0000
3 56 4.2300 3.9107 0.2871 -0.6109 -2.0000
3 57 4.0241 3.9230 0.3221 0.0873 2.0000
3 58 4.2097 3.9979 0.3277 0.0873 2.0000
3 59 4.3950 4.0737 0.3332 0.6109 -2.0000
3 60 4.2346 3.9440 0.2982 0.0873 2.0000
3 61 4.4220 4.0144 0.3038 0.6109 -2.0000
3 62 4.2578 3.8894 0.2688 -0.6109 -2.0000
3 63 4.0522 3.9055 0.3038 0.0873 2.0000
3 64 4.2392 3.9769 0.3093 0.0873 2.0000
3 65 4.4258 4.0494 0.3149 0.6109 -2.0000
3 66 4.2630 3.9226 0.2799 -0.6109 -2.0000
3 67 4.0572 3.9365 0.3149 0.0873 2.0000
3 68 4.2434 4.0099 0.3204 0.0873 2.0000
3 69 4.4292 4.0844 0.3260 0.6109 -2.0000
3 70 4.2678 3.9559 0.2910 0.0873 2.0000
3 71 4.4557 4.0249 0.2965 0.6109 -2.0000
3 72 4.2907 3.9011 0.2615 -0.6109 -2.0000
3 73 4.0852 3.9187 0.2965 0.0873 2.0000
3 74 4.2727 3.9888 0.3020 0.0873 2.0000
3 75 4.4598 4.0599 0.3076 0.6109 -2.0000
3 76 4.2961 3.9343 0.2726 -0.6109 -2.0000
3 77 4.0904 3.9496 0.3076 0.0873 2.0000
3 78 4.2771 4.0217 0.3131 0.0873 2.0000
3 79 4.4634 4.0949 0.3187 0.6109 -2.0000
3 80 4.3012 3.9675 0.2837 0.0873 2.0000
3 81 4.4896 4.0352 0.2892 0.6109 -2.0000
3 82 4.3237 3.9126 0.2542 -0.6109 -2.0000
3 83 4.1183 3.9317 0.2892 0.0873 2.0000
3 84 4.3063 4.0004 0.2948 0.0873 2.0000
3 85 4.4939 4.0701 0.3003 0.6109 -2.0000
3 86 4.3293 3.9457 0.2653 -0.0873 -2.0000
3 87 4.1336 3.9040 0.2709 -0.6109 -2.0000
3 88 3.9279 3.9197 0.3059 0.0873 2.0000
3 89 4.1147 3.9915 0.3114 0.0873 2.0000
3 90 4.3012 4.0643 0.3170 0.0873 2.0000
3 91 4.4872 4.1382 0.3225 0.6109 -2.0000
3 92 4.3254 4.0102 0.2875 0.0873 2.0000
3 93 4.5135 4.0786 0.2931 0.6109 -2.0000
3 94 4.3481 3.9554 0.2581 -0.0873 -2.0000
3 95 4.1520 3.9151 0.2636 0.0873 2.0000
3 96 4.3417 3.9790 0.2692 -0.0873 -2.0000
3 97 4.1461 3.9365 0.2747 0.0873 2.0000
3 98 4.3351 4.0025 0.2803 -0.0873 -2.0000
3 99 4.1400 3.9578 0.2858 0.0873 2.0000
3 100 4.3282 4.0259 0.2914 0.0873 2.0000
4 1 8.5000 3.5000 0.0000 -0.4363 -2.0000
4 2 8.3032 3.5511 0.0255 -0.7854 -2.0000
4 3 8.1109 3.6359 0.0703 -0.7854 -2.0000
4 4 7.9150 3.7121 0.1150 -0.7854 -2.0000
4 5 7.7160 3.7795 0.1598 -0.7854 -2.0000
4 6 7.5141 3.8379 0.2045 -0.7854 -2.0000
4 7 7.3098 3.8872 0.2493 -0.7854 -2.0000
4 8 7.1035 3.9273 0.2941 -0.7854 -2.0000
4 9 6.8956 3.9581 0.3388 -0.7854 -2.0000
4 10 6.6865 3.9796 0.3836 0.4363 -2.0000
4 11 6.5231 3.8585 0.3581 0.4363 -2.0000
4 12 6.3566 3.7417 0.3326 0.4363 -2.0000
4 13 6.1872 3.6292 0.3071 0.4363 -2.0000
4 14 6.0150 3.5210 0.2816 0.4363 -2.0000
4 15 5.8401 3.4173 0.2560 0.4363 -2.0000
4 16 5.6626 3.3181 0.2305 0.4363 -2.0000
4 17 5.4827 3.2234 0.2050 0.4363 -2.0000
4 18 5.3003 3.1333 0.1795 0.4363 -2.0000
4 19 5.1158 3.0479 0.1540 0.4363 -2.0000
4 20 4.9291 2.9673 0.1285 0.4363 -2.0000
4 21 4.7404 2.8914 0.1030 0.4363 -2.0000
4 22 4.5499 2.8204 0.0775 0.4363 -2.0000
4 23 4.3576 2.7542 0.0520 0.4363 -2.0000
4 24 4.1636 2.6930 0.0265 0.4363 -2.0000
4 25 3.9682 2.6368 0.0010 0.4363 -2.0000
4 26 3.7714 2.5855 -0.0246 0.4363 -2.0000
4 27 3.5734 2.5393 -0.0501 0.4363 -2.0000
4 28 3.3742 2.4981 -0.0756 0.4363 -2.0000
